
TIGER 24-12 금융채(AA-이상)
470260
채권/회사채권
8,793
50,965
3,326
0.09
0.38
1.18

1.18



0.10
미래에셋자산운용

KODEX 코스닥150
229200
시장지수/코스닥
8,416
15,170
10,391,039
0.23
8.47
8.82
14.84
8.82
23.37
17.47
7.50
0.25
삼성자산운용

KODEX 반도체
091160
섹터/IT
8,041
42,400
603,820
7.42
14.35
16.88
35.92
16.88
50.66
16.19
19.41
0.45
삼성자산운용

TIGER 200 IT
139260
섹터/IT
8,013
35,595
90,801
2.52
10.44
6.76
19.75
6.76
18.33
8.72
-2.96
0.40
미래에셋자산운용

ACE 종합채권(AA-이상)KIS액티브
356540
채권/회사채권
7,543
100,405
1,454
-0.19
0.75
-0.07
5.48
-0.07
4.08
5.84
1.75
0.02
한국투자신탁운용

TIGER 2차전지소재Fn
462010
테마/기타
7,417
8,060
2,256,566
-2.07
-0.25
-7.94
-11.86
-7.94



0.39
미래에셋자산운용

KODEX 미국나스닥100TR
379810
해외지수/해외지수
7,357
16,440
266,407
0.67
3.82
13.30
25.83
13.30
50.34
36.43

0.05
삼성자산운용

ACE 미국나스닥100
367380
해외지수/해외지수
7,338
18,930
201,452
0.56
3.75
13.14
25.54
13.14
49.81
36.05
71.50
0.07
한국투자신탁운용

TIGER Fn반도체TOP10
396500
섹터/IT
7,234
13,375
3,689,018
10.63
19.53
25.35
49.19
25.35
70.95
43.09

0.45
미래에셋자산운용

KODEX 단기채권
153130
채권/단기자금
7,122
109,150
18,478
0.04
0.27
0.83
1.80
0.83
3.43
5.67
6.21
0.15
삼성자산운용

TIGER 미국배당다우존스
458730
해외지수/해외지수
7,103
11,735
686,830
2.36
6.91
12.14
16.06
12.14



0.01
미래에셋자산운용

TIGER 24-10 회사채(A+이상)액티브
447820
채권/회사채권
6,923
54,635
41,746
0.07
0.34
1.15
2.49
1.15
4.32


0.10
미래에셋자산운용

KODEX 인버스
114800
파생상품/인버스
6,783
4,090
17,860,998
-0.73
-5.43
-3.88
-13.07
-3.88
-14.88
-4.88
3.15
0.64
삼성자산운용

KOSEF 200TR
294400
시장지수/코스피200
6,780
47,565
104,192
1.23
6.11
5.33
16.32
5.33
21.29
8.21
-2.77
0.01
키움투자자산운용

TIGER 단기채권액티브
272580
채권/단기자금
6,666
53,610
17,533
0.07
0.31
0.88
1.92
0.88
3.63
6.35
7.05
0.07
미래에셋자산운용

TIGER 단기통안채
157450
채권/단기자금
6,640
106,525
19,029
0.06
0.28
0.85
1.78
0.85
3.47
5.76
6.38
0.09
미래에셋자산운용

KODEX 자동차
091180
섹터/경기소비재
6,435
21,325
622,222
-2.29
-2.94
8.80
14.40
8.80
22.78
22.49
-0.98
0.45
삼성자산운용

ARIRANG 200
152100
시장지수/코스피200
6,291
38,740
154,047
0.96
5.72
5.06
16.10
5.06
21.15
7.90
-2.21
0.04
한화자산운용

SOL 종합채권(AA-이상)액티브
436140
채권/회사채권
6,271
106,320
1,128
-0.08
0.70
-0.04
5.58
-0.04
4.05


0.04
신한자산운용

KOSEF 국고채10년
148070
채권/국공채권
5,976
111,420
15,024
-0.38
0.77
-0.95
6.47
-0.95
2.57
2.41
-3.98
0.05
키움투자자산운용

TIGER 25-10 회사채(A+이상)액티브
453540
채권/회사채권
5,732
52,470
56,281
0.09
0.45
1.25
3.48
1.25
4.69


0.10
미래에셋자산운용

HANARO 200
293180
시장지수/코스피200
5,664
38,160
95,586
1.23
6.15
5.36
16.46
5.36
21.45
8.26
-2.66
0.04
엔에이치아문디자산운용

TIGER 1년은행양도성예금증서액티브(합성)
475630
채권/단기자금
5,654
1,006,015
48,857
0.07
0.28


0.54




미래에셋자산운용

TIGER 차이나항셍테크
371160
해외지수/해외지수
5,617
5,225
1,856,454
2.45
3.57
-3.24
-9.60
-3.24
-14.13
-14.90
-48.04
0.09
미래에셋자산운용

TIGER 미국달러단기채권액티브
329750
채권/단기자금
5,537
11,900
128,393
1.10
1.67
5.68
1.95
5.68
8.31
17.86
26.49
0.30
미래에셋자산운용

KODEX MSCI Korea TR
278540
시장지수/MSCI Korea Index
5,193
13,000
5,487
1.60
6.43
6.91
17.59
6.91
21.72
10.69
-2.84
0.09
삼성자산운용

KODEX 미국빅테크10(H)
314250
해외지수/해외지수
5,166
36,635
272,010
0.23
2.88
13.54
36.04
13.54
65.62
37.21
46.98
0.45
삼성자산운용

TIGER 24-04 회사채(A+이상)액티브
453530
채권/회사채권
5,141
52,095
139,370
0.04
0.25
0.97
2.04
0.97
4.05


0.10
미래에셋자산운용

TIGER 미국배당+7%프리미엄다우존스
458760
파생상품/구조화
5,087
10,530
910,741
1.79
5.42
9.09
10.44
9.09



0.39
미래에셋자산운용

SOL 미국배당다우존스
446720
해외지수/해외지수
4,938
10,725
370,769
2.14
6.60
11.73
16.00
11.73
20.68


0.01
신한자산운용



KODEX 코스닥150선물인버스
251340
파생상품/인버스
4,859
3,230
46,017,146
-0.46
-8.50
-9.01
-16.86
-9.01
-25.58
-27.25
-29.40
0.64
삼성자산운용

ACE 200
105190
시장지수/코스피200
4,572
38,600
62,275
1.22
5.99
5.26
16.44
5.26
21.45
8.20
-2.63
0.09
한국투자신탁운용

KBSTAR 단기통안채
196230
채권/단기자금
4,453
111,115
69,892
0.07
0.28
0.83
1.78
0.83
3.52
5.80
6.49
0.13
케이비자산운용

KBSTAR 미국나스닥100
368590
해외지수/해외지수
4,337
18,440
180,110
1.35
4.59
13.94
26.49
13.94
51.21
36.96
72.45
0.02
케이비자산운용

TIGER 리츠부동산인프라
329200
기타/기타
4,024
4,550
733,090
0.77
4.43
6.60
8.51
6.60
7.29
-14.94
2.34
0.29
미래에셋자산운용

ARIRANG 국고채10년액티브
461460
채권/국공채권
4,011
52,080
1,619
-0.38
0.74
-1.04
6.69
-1.04



0.05
한화자산운용

TIGER 미국채30년스트립액티브(합성 H)
458250
해외지수/해외지수
3,982
45,095
203,437
1.78
1.42
-9.88
7.51
-9.88



0.15
미래에셋자산운용

KODEX 국고채3년
114260
채권/국공채권
3,842
59,485
14,337
-0.03
0.39
0.24
3.28
0.24
3.08
4.83
2.48
0.15
삼성자산운용

KBSTAR KIS국고채30년Enhanced
385560
채권/국공채권
3,802
70,965
50,878
-1.03
1.67
-4.05
16.28
-4.05
1.03
-8.20

0.05
케이비자산운용

히어로즈 머니마켓액티브
476450
채권/단기자금
3,801
50,215
25,813
0.08
0.34


0.34




키움투자자산운용

KODEX 은행
091170
섹터/금융
3,730
8,190
854,210
-5.92
3.74
21.06
28.87
21.06
39.67
11.99
32.61
0.30
삼성자산운용

ACE 국고채10년
365780
채권/국공채권
3,653
87,625
9,667
-0.30
0.78
-0.99
6.20
-0.99
2.39
2.72
-3.54
0.02
한국투자신탁운용

SOL AI반도체소부장
455850
섹터/IT
3,620
16,620
2,187,080
9.92
19.96
22.03
42.54
22.03



0.45
신한자산운용

KOSEF 200
069660
시장지수/코스피200
3,602
38,145
70,526
1.26
6.25
5.31
16.34
5.31
21.36
8.08
-2.94
0.13
키움투자자산운용

TIGER 종합채권(AA-이상)액티브
451540
채권/회사채권
3,582
52,515
2,614
-0.14
0.71
0.02
5.79
0.02
4.07


0.03
미래에셋자산운용

TIGER 2차전지TOP10
364980
테마/기타
3,492
14,440
882,439
-2.56
5.36
-6.78
-11.38
-6.78
-15.72
4.22
-1.71
0.40
미래에셋자산운용

KODEX 단기변동금리부채권액티브
273140
채권/단기자금
3,456
110,100
980
0.07
0.27
0.96
1.87
0.96
3.69
6.57
7.43
0.15
삼성자산운용

KODEX 25-11 회사채(A+이상)액티브
467940
채권/회사채권
3,418
10,395
19,687
0.19
0.48
1.27

1.27



0.09
삼성자산운용

TIGER 글로벌자율주행&전기차SOLACTIVE
394660
해외지수/해외지수
3,414
10,960
69,782
1.81
4.58
3.30
6.41
3.30
13.40
0.87

0.49
미래에셋자산운용

KODEX 미국달러SOFR금리액티브(합성)
455030
해외지수/해외지수
3,399
10,895
27,425
0.88
1.44
5.83
2.49
5.83



0.15
삼성자산운용

KODEX 선진국MSCI World
251350
해외지수/해외지수
3,370
26,885
59,685
1.00
5.04
13.62
22.01
13.62
32.76
27.55
53.62
0.30
삼성자산운용

ARIRANG 고배당주
161510
스타일/스타일
3,334
14,245
668,440
-3.62
0.78
14.69
19.96
14.69
28.63
20.84
40.71
0.23
한화자산운용

KBSTAR 미국S&P500
379780
해외지수/해외지수
3,329
15,500
128,162
1.37
5.50
15.49
23.69
15.49
38.31
30.18

0.02
케이비자산운용

KODEX 미국반도체MV
390390
해외지수/해외지수
3,279
20,820
449,889
-0.05
9.72
33.05
59.99
33.05
86.04
82.25

0.09
삼성자산운용

KODEX 코스피
226490
시장지수/코스피200
3,277
28,485
259,850
0.30
4.25
4.44
13.08
4.44
15.45
5.35
-3.12
0.15
삼성자산운용

TIGER 미국나스닥100커버드콜(합성)
441680
파생상품/구조화
3,276
10,475
539,449
1.64
3.38
11.05
13.31
11.05
21.46


0.37
미래에셋자산운용

KODEX 미국채울트라30년선물(H)
304660
해외지수/해외지수
3,240
8,150
352,289
1.75
2.13
-4.68
6.82
-4.68
-8.89
-26.24
-29.59
0.30
삼성자산운용

TIGER 중장기국채
302190
채권/국공채권
3,208
50,120
13,842
-0.20
0.58
-0.36
4.76
-0.36
2.63
3.91
-0.77
0.15
미래에셋자산운용

TIGER 글로벌리튬&2차전지SOLACTIVE(합성)
394670
해외지수/해외지수
3,145
6,770
136,287
-0.95
-0.15
-10.03
-16.73
-10.03
-25.28
-34.56

0.49
미래에셋자산운용

KODEX 국고채30년액티브
439870
채권/국공채권
3,138
105,500
8,149
-0.82
1.38
-3.44
13.37
-3.44
2.92


0.05
삼성자산운용



TIGER 인도니프티50
453870
해외지수/해외지수
3,136
12,215
428,779
1.50
1.45
5.25
11.84
5.25



0.19
미래에셋자산운용

SOL 초단기채권액티브
469830
채권/단기자금
3,132
50,950
107,896
0.09
0.33
1.06

1.06



0.05
신한자산운용

ACE 글로벌반도체TOP4 Plus SOLACTIVE
446770
해외지수/해외지수
3,082
22,665
377,658
0.80
10.45
36.26
64.32
36.26
88.62


0.45
한국투자신탁운용

KODEX 인도Nifty50
453810
해외지수/해외지수
3,061
12,595
390,289
1.98
2.44
6.91
12.95
6.91



0.19
삼성자산운용

KODEX 25-11 은행채(AA-이상)PLUS액티브
476810
채권/회사채권
2,996
10,055
132,482
0.15



0.45




삼성자산운용

KODEX ESG종합채권(A-이상)액티브
439860
채권/회사채권
2,783
108,815
15
0.29
0.53
1.25
4.34
1.25
5.10


0.07
삼성자산운용

ACE 미국배당다우존스
402970
해외지수/해외지수
2,777
11,850
208,497
2.20
6.79
11.73
16.13
11.73
21.02
18.92

0.01
한국투자신탁운용

KBSTAR 단기국공채액티브
272560
채권/국공채권
2,770
108,515
1,192
0.05
0.35
0.90
2.08
0.90
3.56
5.88
6.50
0.07
케이비자산운용

ARIRANG 국고채30년액티브
451600
채권/국공채권
2,764
101,430
348
-0.65
1.17
-3.40
13.23
-3.40
2.13


0.05
한화자산운용

TIGER 일본니케이225
241180
해외지수/해외지수
2,641
21,640
484,551
-0.80
2.80
16.97
21.88
16.97
35.22
34.59
24.20
0.35
미래에셋자산운용

ACE 베트남VN30(합성)
245710
해외지수/해외지수
2,619
20,075
199,545
2.11
3.43
17.47
9.97
17.47
19.25
-13.54
20.21
0.70
한국투자신탁운용

SOL 200TR
295040
시장지수/코스피200
2,571
13,615
84,661
1.23
6.04
5.42
16.72
5.42
22.05
8.23
-2.68
0.05
신한자산운용

TIGER 헬스케어
143860
섹터/의료
2,569
35,580
152,082
-0.32
11.94
13.51
35.31
13.51
40.90
12.05
-21.99
0.40
미래에셋자산운용

KBSTAR ESG사회책임투자
290130
테마/SRI
2,447
12,460
31,686
-3.19
2.64
8.35
16.12
8.35
23.53
4.29
-4.98
0.30
케이비자산운용

KBSTAR Fn수소경제테마
367770
테마/기타
2,394
9,425
48,713
-2.03
0.59
-0.53
1.18
-0.53
-2.39
-6.68
-23.70
0.45
케이비자산운용

KODEX AI반도체핵심장비
471990
섹터/IT
2,378
14,180
2,659,390
14.68
28.44
37.67

37.67



0.39
삼성자산운용

TIGER 미국S&P500선물(H)
143850
해외지수/해외지수
2,356
58,820
73,826
0.57
3.78
9.15
20.59
9.15
27.14
9.37
27.80
0.30
미래에셋자산운용

TIGER 은행고배당플러스TOP10
466940
스타일/스타일
2,318
12,690
521,238
-6.08
3.44
24.63

24.63



0.30
미래에셋자산운용

ACE 테슬라밸류체인액티브
457480
해외지수/해외지수
2,275
10,060
483,219
1.00
-6.89
-17.00
-13.87
-17.00



0.29
한국투자신탁운용

KBSTAR 2차전지액티브
422420
테마/기타
2,267
10,835
351,336
-2.52
1.26
-5.41
-7.08
-5.41
-11.84


0.35
케이비자산운용

TIGER 미국달러SOFR금리액티브(합성)
456610
해외지수/해외지수
2,229
52,720
5,929
0.75
1.47
5.67
2.44
5.67



0.05
미래에셋자산운용

KBSTAR 비메모리반도체액티브
388420
섹터/IT
2,217
14,150
1,464,749
6.87
14.99
19.06
42.79
19.06
61.11
35.33

0.50
케이비자산운용

KBSTAR CD금리액티브(합성)
477080
채권/단기자금
2,202
100,070
7,990




0.05




케이비자산운용

KODEX 미국S&P500(H)
449180
해외지수/해외지수
2,176
12,525
87,800
0.89
4.33
10.20
22.63
10.20
29.82


0.05
삼성자산운용

ACE 24-12 회사채(AA-이상)액티브
448880
채권/회사채권
2,160
103,760
8,375
0.09
0.36
1.17
2.75
1.17
4.51


0.05
한국투자신탁운용

SOL 2차전지소부장Fn
455860
테마/기타
2,114
7,655
733,290
-1.98
-0.97
-8.92
-10.83
-8.92



0.45
신한자산운용

TIGER 반도체
091230
섹터/IT
2,095
44,160
377,635
7.60
14.23
17.17
36.66
17.17
50.78
17.97
21.94
0.46
미래에셋자산운용

TIGER AI반도체핵심공정
471760
섹터/IT
2,088
13,345
2,382,755
14.26
24.02
33.65

33.65



0.45
미래에셋자산운용

KOSEF 인도Nifty50(합성)
200250
해외지수/해외지수
2,079
23,210
118,089
2.50
1.82
6.98
12.86
6.98
32.40
25.05
48.83
0.29
키움투자자산운용

TIGER 미국S&P500TR(H)
448290
해외지수/해외지수
2,059
12,810
112,954
0.67
4.06
10.24
22.47
10.24
30.05


0.07
미래에셋자산운용



KODEX 2차전지산업레버리지
462330
파생상품/레버리지
2,026
4,630
2,943,119
-4.83
2.43
-15.89
-31.25
-15.89



0.49
삼성자산운용

ARIRANG 종합채권(AA-이상)액티브
451000
채권/회사채권
2,023
106,890
28
-0.22
0.72
-0.09
5.30
-0.09
3.43


0.05
한화자산운용

KBSTAR 200TR
361580
시장지수/코스피200
2,018
20,580
17,603
1.23
6.11
5.51
16.07
5.51
21.09
8.06
-2.37
0.01
케이비자산운용

KBSTAR 미국채30년엔화노출(합성 H)
472870
해외지수/해외지수
2,011
9,255
825,934
2.49
2.21
-8.09

-8.09



0.15
케이비자산운용

KBSTAR 25-03 회사채(AA-이상)액티브
464540
채권/회사채권
2,002
50,765
3,434
0.08
0.37
1.13
2.75
1.13



0.05
케이비자산운용

KODEX 26-12 회사채(AA-이상)액티브
473290
채권/회사채권
1,978
10,200
12,356
0.20
0.54
1.14

1.14



0.09
삼성자산운용

TIGER 미국30년국채프리미엄액티브(H)
476550
파생상품/구조화
1,965
9,985
1,102,519
1.52
1.42


1.27




미래에셋자산운용

ACE 미국빅테크TOP7 Plus
465580
해외지수/해외지수
1,939
12,925
323,734
0.66
5.64
22.34
35.06
22.34



0.30
한국투자신탁운용

HANARO MSCI Korea TR
332940
시장지수/MSCI Korea Index
1,933
16,265
102
1.56
6.69
6.38
17.27
6.38
21.02
10.12
-3.36
0.12
엔에이치아문디자산운용

KODEX 미국나스닥100레버리지(합성 H)
409820
해외지수/해외지수
1,915
9,825
246,694
-0.86
4.02
14.44
50.92
14.44
91.71
20.40

0.30
삼성자산운용

TIGER 차이나CSI300
192090
해외지수/해외지수
1,889
8,610
227,719
0.23
1.65
5.13
-4.30
5.13
-12.38
-15.69
-23.12
0.63
미래에셋자산운용

ARIRANG 코스피TR
328370
시장지수/코스피200
1,882
14,850
41,737
0.41
4.06
4.32
13.49
4.32
15.52
5.32
-2.69
0.15
한화자산운용

TIGER 미국테크TOP10+10%프리미엄
474220
파생상품/구조화
1,857
11,160
684,020
0.86
5.52


13.55



0.50
미래에셋자산운용

히어로즈 24-09 회사채(AA-이상)액티브
464230
채권/회사채권
1,843
51,075
15,413
0.10
0.34
1.04
2.26
1.04



0.05
키움투자자산운용

KODEX 국고채10년액티브
471230
채권/국공채권
1,837
105,685
80,755
-0.35
0.82
-0.87

-0.87



0.02
삼성자산운용

KODEX 차이나항셍테크
372330
해외지수/해외지수
1,824
5,210
403,707
2.06
3.17
-3.13
-9.20
-3.13
-14.27
-15.38
-48.16
0.12
삼성자산운용

TIMEFOLIO 글로벌AI인공지능액티브
456600
해외지수/해외지수
1,795
18,800
431,197
0.83
7.37
30.74
48.32
30.74



0.80
타임폴리오자산운용

SOL 24-12 회사채(AA-이상)액티브
469820
채권/회사채권
1,795
51,130
2,080
0.10
0.33
1.14

1.14



0.05
신한자산운용

KODEX K-로봇액티브
445290
테마/기타
1,768
15,190
170,482
-0.16
5.12
-3.74
6.48
-3.74
15.31


0.50
삼성자산운용

KBSTAR IT플러스
326240
섹터/IT
1,735
19,580
16,506
2.92
8.51
3.57
13.21
3.57
13.55
0.15
-5.09
0.40
케이비자산운용

TIGER 미국필라델피아반도체레버리지(합성)
423920
파생상품/레버리지
1,715
23,460
253,718
0.82
14.13
42.74
104.71
42.74
143.87


0.58
미래에셋자산운용

TIGER BBIG
364960
테마/기타
1,699
6,385
155,562
0.63
1.19
-2.52
8.59
-2.52
-6.03
-30.13
-45.79
0.40
미래에셋자산운용

KODEX 미국나스닥100(H)
449190
해외지수/해외지수
1,650
14,650
121,432
-0.17
2.41
7.56
24.15
7.56
40.74


0.05
삼성자산운용

ACE KRX금현물
411060
상품/금속
1,638
14,240
111,443
5.95
14.24
15.49
20.32
15.49
20.99
30.05

0.50
한국투자신탁운용

KTOP K200액티브
451060
시장지수/코스피200
1,612
11,945
39,866
1.14
5.90
5.43
16.37
5.43
21.39


0.18
하나자산운용

KTOP 단기금융채액티브
463290
채권/단기자금
1,581
103,020
13,664
0.09
0.35
1.08
2.32
1.08



0.08
하나자산운용

KODEX TRF3070
329650
기타/기타
1,563
12,365
41,983
0.37
1.77
4.04
9.14
4.04
11.40
10.16
12.21
0.24
삼성자산운용

KODEX 골드선물(H)
132030
상품/금속
1,554
13,910
87,765
2.13
8.88
5.38
14.77
5.38
8.63
7.12
18.28
0.68
삼성자산운용

SOL 미국배당다우존스(H)
452360
해외지수/해외지수
1,547
11,280
172,666
1.44
5.32
6.40
14.60
6.40
14.18


0.05
신한자산운용

ARIRANG KOFR금리
453010
채권/단기자금
1,534
103,715
14,199
0.06
0.27
0.87
1.77
0.87
3.52


0.05
한화자산운용



TIGER 일본엔선물
292560
통화/기타통화
1,530
8,510
209,813
0.77
-0.12
-2.74
-2.35
-2.74
-11.31
-12.40
-16.77
0.25
미래에셋자산운용

KODEX 2차전지핵심소재10 Fn
461950
테마/기타
1,529
8,340
962,146
-3.08
-3.14
-10.42
-12.35
-10.42



0.39
삼성자산운용

KODEX 장기종합채권(AA-이상)액티브KAP
363570
채권/회사채권
1,482
92,490
341
-0.31
1.13
-0.95
7.67
-0.95
3.34
2.98
-4.16
0.05
삼성자산운용

TIGER 국고채30년스트립액티브
451530
채권/국공채권
1,475
50,170
42,699
-1.14
1.98
-4.94
18.86
-4.94
0.42


0.15
미래에셋자산운용

KODEX K-메타버스액티브
401470
섹터/IT
1,474
7,440
80,502
3.41
4.35
-3.31
-1.91
-3.31
-9.93
-32.06

0.50
삼성자산운용

TIGER 투자등급회사채액티브
438330
채권/회사채권
1,447
109,360
4,186
0.05
0.68
1.22
4.72
1.22
5.71


0.10
미래에셋자산운용

KODEX 미국S&P500선물(H)
219480
해외지수/해외지수
1,429
24,300
23,148
0.48
3.78
9.24
21.14
9.24
28.00
9.78
28.40
0.05
삼성자산운용

ACE 단기통안채
190620
채권/단기자금
1,390
101,195
5,899
0.06
0.30
0.86
1.84
0.86
3.52
5.91
6.62
0.07
한국투자신탁운용

TIGER 글로벌4차산업혁신기술(합성 H)
275980
해외지수/해외지수
1,390
16,845
22,905
-0.74
-0.62
-2.97
12.83
-2.97
14.20
-2.97
-2.91
0.40
미래에셋자산운용

KoAct 바이오헬스케어액티브
462900
섹터/의료
1,387
11,970
397,981
1.74
14.05
9.41
15.54
9.41



0.50
삼성액티브자산운용

KoAct 배당성장액티브
476850
스타일/스타일
1,376
10,195
895,233
-1.73
1.54


4.56




삼성액티브자산운용

TIGER 글로벌메타버스액티브
412770
해외지수/해외지수
1,353
9,465
102,401
0.42
4.13
12.41
33.78
12.41
43.63
8.48

0.79
미래에셋자산운용

TIGER 미국나스닥100TR(H)
448300
해외지수/해외지수
1,353
15,040
138,103
0.17
2.63
8.05
26.17
8.05
41.29


0.07
미래에셋자산운용

ACE 26-06 회사채(AA-이상)액티브
461270
채권/회사채권
1,315
10,500
65,702
0.19
0.67
1.35
4.58
1.35



0.05
한국투자신탁운용

KODEX 200IT TR
363580
섹터/IT
1,303
13,715
19,157
2.47
10.65
6.94
19.57
6.94
18.80
8.85
-2.52
0.15
삼성자산운용

KODEX 배당가치
325020
스타일/스타일
1,287
14,445
79,769
-1.87
1.08
7.93
15.12
7.93
27.26
18.24
21.12
0.30
삼성자산운용

TIGER 여행레저
228800
섹터/경기소비재
1,282
3,520
220,536
0.57
-0.42
1.88
-3.56
1.88
-16.77
-31.32
-25.61
0.50
미래에셋자산운용

KBSTAR iSelect메타버스
401170
섹터/IT
1,275
6,350
71,635
3.50
2.83
-5.37
-2.83
-5.37
-9.10
-38.71

0.45
케이비자산운용

KODEX 미국나스닥100선물(H)
304940
해외지수/해외지수
1,272
21,820
73,106
-0.05
2.30
7.12
23.35
7.12
39.42
14.63
33.46
0.05
삼성자산운용

KODEX 글로벌비만치료제TOP2 Plus
476070
테마/기타
1,269
12,095
914,516
4.09
0.92


22.23




삼성자산운용

KBSTAR 코스피
302450
시장지수/코스피200
1,255
28,860
21,954
0.35
4.49
4.15
13.02
4.15
15.11
4.84
-3.39
0.14
케이비자산운용

TIGER 미국채10년선물
305080
해외지수/해외지수
1,250
11,780
63,687
0.90
1.86
2.57
2.88
2.57
1.20
1.90
2.79
0.29
미래에셋자산운용

SOL 25-09 회사채(AA-이상)액티브
462540
채권/회사채권
1,249
51,860
539
0.10
0.46
1.18
3.29
1.18



0.05
신한자산운용

KBSTAR 코스닥150선물레버리지
278240
파생상품/레버리지
1,241
14,825
29,948
0.64
18.08
18.69
28.75
18.69
43.03
13.43
-0.44
0.60
케이비자산운용

TIGER 미국MSCI리츠(합성 H)
182480
해외지수/해외지수
1,235
12,345
32,956
0.91
2.71
-1.93
14.76
-1.93
13.60
-15.12
3.17
0.24
미래에셋자산운용

KODEX 바이오
244580
섹터/의료
1,235
8,465
478,555
0.30
8.94
0.47
7.29
0.47
13.55
-17.01
-41.46
0.45
삼성자산운용

TIGER 바이오TOP10
364970
섹터/의료
1,232
6,815
503,457
-1.45
4.85
3.97
28.10
3.97
22.11
-5.24
-34.38
0.40
미래에셋자산운용

HANARO Fn K-POP&미디어
395290
섹터/경기소비재
1,223
8,055
99,171
8.63
5.43
-8.26
-14.58
-8.26
-6.98
-20.57

0.45
엔에이치아문디자산운용

ACE 11월만기자동연장회사채AA-이상액티브
473440
채권/단기자금
1,222
10,185
17,158
0.10
0.39
1.14

1.14



0.05
한국투자신탁운용

ARIRANG 머니마켓액티브
477050
채권/단기자금
1,221
50,060
6,431




0.06




한화자산운용



KBSTAR 2차전지TOP10인버스(합성)
465350
파생상품/인버스
1,221
23,140
1,375,598
2.68
-1.55
7.38
4.33
7.38



0.49
케이비자산운용

HANARO 200TR
332930
시장지수/코스피200
1,215
47,645
1,109
1.22
5.91
5.26
16.41
5.26
21.31
8.21
-2.73
0.03
엔에이치아문디자산운용

KODEX 삼성그룹밸류
213610
그룹주/삼성
1,213
9,595
88,927
0.37
9.41
5.67
12.29
5.67
7.46
11.84
8.89
0.09
삼성자산운용

KBSTAR 25-11 회사채(AA-이상)액티브
448600
채권/회사채권
1,200
52,830
8,564
0.10
0.48
1.15
3.35
1.15
4.13


0.07
케이비자산운용

TIGER 배당프리미엄액티브
472150
파생상품/구조화
1,193
11,265
196,325
1.44
5.84
9.53

9.53



0.50
미래에셋자산운용

TIGER 코스피
277630
시장지수/코스피200
1,193
28,755
38,964
0.58
4.37
4.53
13.29
4.53
15.23
4.96
-3.43
0.15
미래에셋자산운용

KTOP 25-08 회사채(A+이상)액티브
466400
채권/회사채권
1,184
103,825
7,928
0.17
0.45
1.33
3.67
1.33



0.10
하나자산운용

KODEX 미국달러선물인버스2X
261260
파생상품/인버스
1,183
6,225
564,622
-1.35
-2.28
-9.12
-1.97
-9.12
-10.69
-25.18
-35.99
0.45
삼성자산운용

KBSTAR 단기종합채권(AA-이상)액티브
385550
채권/단기자금
1,183
107,805
3,705
0.06
0.33
1.03
2.23
1.03
3.98
7.11

0.05
케이비자산운용

TIGER 글로벌혁신블루칩TOP10
464930
해외지수/해외지수
1,166
12,160
106,208
-0.25
6.43
20.40
24.46
20.40



0.49
미래에셋자산운용

KOSEF 단기자금
130730
채권/단기자금
1,156
102,305
10,877
0.05
0.30
0.93
1.99
0.93
3.65
6.28
6.98
0.05
키움투자자산운용

HANARO Fn K-반도체
395270
섹터/IT
1,151
12,130
432,308
6.83
15.25
15.30
36.60
15.30
50.14
26.00

0.45
엔에이치아문디자산운용

TIGER Fn메타버스
400970
섹터/IT
1,147
6,930
139,575
4.84
1.61
-10.58
-11.04
-10.58
-12.73
-39.03

0.45
미래에셋자산운용

TIGER 차이나과창판STAR50(합성)
414780
해외지수/해외지수
1,119
5,685
41,129
-3.97
-4.05
-8.08
-14.19
-8.08
-29.55
-31.63

0.09
미래에셋자산운용

히어로즈 단기채권ESG액티브
419890
테마/SRI
1,117
106,365
41
0.07
0.38
1.07
2.62
1.07
4.40
7.27

0.15
키움투자자산운용

TIGER 테슬라채권혼합Fn
447770
기타/기타
1,114
10,430
150,815
0.82
-3.16
-9.81
-5.50
-9.81
2.37


0.25
미래에셋자산운용

KBSTAR 코스닥150
270810
시장지수/코스닥
1,110
15,070
109,583
0.20
8.57
8.50
14.60
8.50
23.26
16.64
7.32
0.18
케이비자산운용

ACE 중국본토CSI300
168580
해외지수/해외지수
1,101
23,395
7,842
0.36
1.61
5.79
-4.12
5.79
-12.56
-16.67
-24.07
0.70
한국투자신탁운용

HK 종합채권(AA-이상)액티브
472920
채권/회사채권
1,096
103,245
1
-0.15
0.73
0.00

0.00



0.04
흥국자산운용

BNK 24-11 회사채(AA-이상)액티브
470320
채권/회사채권
1,092
51,155
258
0.09
0.30
1.19

1.19



0.10
비엔케이자산운용

SOL 미국30년국채커버드콜(합성)
473330
해외지수/해외지수
1,088
10,145
411,899
2.05
3.23
4.05

4.05



0.25
신한자산운용

ACE 미국달러SOFR금리(합성)
456880
해외지수/해외지수
1,086
10,660
24,045
0.85
1.48
5.65
2.35
5.65



0.05
한국투자신탁운용

TIGER 코스닥150
232080
시장지수/코스닥
1,085
15,620
297,668
0.26
8.59
8.77
14.77
8.77
23.62
17.90
8.75
0.19
미래에셋자산운용

KODEX 테슬라인컴프리미엄채권혼합액티브
475080
기타/기타
1,084
9,435
1,030,315
-0.12
-4.22


-2.96



0.39
삼성자산운용

ACE 엔비디아채권혼합블룸버그
448540
기타/기타
1,049
18,450
142,754
-0.03
5.70
23.87
30.25
23.87
53.56


0.07
한국투자신탁운용

WOORI 25-09 회사채(AA-이상)액티브
468820
채권/회사채권
1,046
52,180
6,043
0.19
0.53
1.53

1.53



0.05
우리자산운용

TIGER 소프트웨어
157490
섹터/IT
1,008
8,700
162,901
0.00
-1.64
-9.38
5.33
-9.38
-5.93
-37.98
-46.05
0.40
미래에셋자산운용

KBSTAR 게임테마
300640
테마/기타
988
9,080
38,653
0.00
2.19
-3.04
13.01
-3.04
-15.61
-45.57
-41.82
0.30
케이비자산운용

TIMEFOLIO K바이오액티브
463050
섹터/의료
987
10,040
714,822
0.00
11.68
5.19
5.30
5.19



0.80
타임폴리오자산운용

TIGER 글로벌AI액티브
466950
해외지수/해외지수
970
13,600
107,884
1.23
7.72
24.66

24.66



0.79
미래에셋자산운용



ACE 미국WideMoat가치주
309230
해외지수/해외지수
965
24,655
27,615
0.74
4.76
9.94
19.89
9.94
31.00
33.31
56.44
0.40
한국투자신탁운용

ARIRANG 단기채권액티브
278620
채권/단기자금
964
112,465
201
0.07
0.31
0.90
2.40
0.90
3.80
6.00
6.18
0.07
한화자산운용

TIGER 200 중공업
139230
섹터/산업재
958
3,905
609,135
-1.51
10.78
10.16
9.38
10.16
34.84
24.72
20.34
0.40
미래에셋자산운용

KBSTAR Fn5G테크
367760
섹터/IT
949
11,740
61,050
4.40
11.81
10.86
19.98
10.86
38.59
20.66
5.59
0.45
케이비자산운용

TIGER 미국다우존스30
245340
해외지수/해외지수
937
26,540
14,291
1.09
3.83
11.15
18.85
11.15
28.27
28.14
48.38
0.35
미래에셋자산운용

ARIRANG K방산Fn
449450
테마/기타
932
14,935
399,159
1.12
8.19
23.23
39.32
23.23
45.71


0.45
한화자산운용

KODEX Fn성장
325010
스타일/스타일
915
16,010
78,796
2.04
8.51
5.47
17.63
5.47
17.57
3.46
-9.40
0.30
삼성자산운용

KBSTAR 국고채3년선물인버스
282000
파생상품/인버스
912
108,360
13,976
0.23
0.17
1.51
0.11
1.51
3.26
5.43
8.81
0.07
케이비자산운용

TIGER 차이나CSI300레버리지(합성)
204480
파생상품/레버리지
892
14,305
201,718
0.10
2.51
10.59
-12.13
10.59
-30.22
-40.96
-53.21
0.58
미래에셋자산운용

TIGER 200선물레버리지
267770
파생상품/레버리지
885
15,540
276,694
1.73
11.40
7.62
30.15
7.62
36.98
2.24
-20.21
0.02
미래에셋자산운용

KBSTAR 대형고배당10TR
315960
스타일/스타일
866
20,410
15,151
1.29
6.05
13.33
25.10
13.33
40.66
33.44
20.98
0.15
케이비자산운용

TIGER 미국투자등급회사채액티브(H)
458260
해외지수/해외지수
858
50,190
8,018
0.76
1.86
-1.58
6.92
-1.58



0.14
미래에셋자산운용

TIGER 200선물인버스2X
252710
파생상품/인버스
854
2,110
2,382,137
-1.63
-10.97
-9.64
-26.86
-9.64
-31.16
-17.90
-4.95
0.02
미래에셋자산운용

KODEX 차이나CSI300
283580
해외지수/해외지수
840
10,500
64,526
-0.38
1.89
5.85
-5.55
5.85
-13.29
-15.50
-22.54
0.12
삼성자산운용

TIGER 미디어컨텐츠
228810
섹터/경기소비재
837
5,910
100,962
6.29
1.03
-7.00
-7.94
-7.00
-15.09
-37.45
-15.33
0.50
미래에셋자산운용

ACE 25-06 회사채(AA-이상)액티브
461260
채권/회사채권
835
10,430
12,417
0.10
0.53
1.26
3.37
1.26



0.05
한국투자신탁운용

HANARO Fn조선해운
441540
섹터/산업재
831
10,110
193,285
-5.69
0.55
-5.03
-3.85
-5.03
14.30


0.45
엔에이치아문디자산운용

TIGER 중국소비테마
150460
해외지수/해외지수
828
5,950
24,500
1.36
2.15
-5.85
-8.67
-5.85
-15.05
-21.67
-26.32
0.50
미래에셋자산운용

KODEX 헬스케어
266420
섹터/의료
817
16,020
162,282
-0.50
12.18
15.67
38.10
15.67
44.32
15.67
-19.82
0.09
삼성자산운용

SOL 국고채10년
438570
채권/국공채권
817
104,515
4,967
-0.26
0.76
-0.91
6.53
-0.91
2.63


0.05
신한자산운용

KBSTAR 미국단기투자등급회사채액티브
437350
해외지수/해외지수
806
10,905
14,569
1.44
2.49
5.82
4.91
5.82
9.49


0.10
케이비자산운용

KODEX 미국종합채권ESG액티브(H)
437080
해외지수/해외지수
789
99,765
3,122
0.26
1.07
-0.74
5.45
-0.74
3.15


0.18
삼성자산운용

SOL 미국S&P500
433330
해외지수/해외지수
780
14,775
32,023
1.20
5.27
15.27
23.33
15.27
38.11


0.05
신한자산운용

마이티 26-09 특수채(AAA)액티브
465780
채권/회사채권
758
103,955
62
0.13
0.59
0.96
3.95
0.96



0.06
DB자산운용

TIGER 글로벌AI&로보틱스 INDXX
464310
해외지수/해외지수
738
12,305
130,793
-0.36
4.37
14.68
30.56
14.68



0.49
미래에셋자산운용

KODEX 차이나H레버리지(H)
204450
파생상품/레버리지
726
1,410
1,537,248
2.10
3.45
-0.98
-16.07
-0.98
-35.76
-53.92
-80.20
0.64
삼성자산운용

KODEX 은선물(H)
144600
상품/금속
717
4,675
184,492
1.74
11.05
1.74
7.10
1.74
2.52
-8.42
-9.22
0.68
삼성자산운용

KODEX Fn Top10동일가중
395170
테마/우량주
717
8,310
11,175
0.91
3.88
3.68
9.78
3.68
7.42
6.50

0.15
삼성자산운용

KODEX 200미국채혼합
284430
기타/기타
716
13,170
35,122
2.37
4.65
4.69
9.25
4.69
9.52
5.02
1.58
0.35
삼성자산운용

ARIRANG 신흥국MSCI(합성 H)
195980
해외지수/해외지수
713
9,400
44,605
0.43
2.51
1.62
10.46
1.62
5.03
-12.72
-25.19
0.50
한화자산운용



히어로즈 종합채권(AA-이상)액티브
454780
채권/회사채권
713
104,070
198
-0.23
0.70
-0.17
5.57
-0.17



0.03
키움투자자산운용

ACE 미국30년국채선물레버리지(합성 H)
452250
해외지수/해외지수
712
6,860
206,882
1.86
2.08
-13.05
7.36
-13.05
-24.78


0.25
한국투자신탁운용

TIGER 화장품
228790
섹터/경기소비재
693
2,390
482,135
3.69
4.37
-2.45
-4.40
-2.45
5.10
-13.75
-37.79
0.50
미래에셋자산운용

TIGER 현대차그룹+펀더멘털
138540
그룹주/현대차
684
27,995
56,283
-2.42
-3.20
9.85
16.27
9.85
28.25
31.45
14.17
0.15
미래에셋자산운용

UNICORN 생성형AI강소기업액티브
470310
섹터/IT
675
10,175
116,602
2.83
4.25
-0.05

-0.05



0.50
현대자산운용

KODEX 아시아달러채권ESG플러스액티브
437070
해외지수/해외지수
675
54,945
573
1.66
2.39
5.59
6.64
5.59
10.78


0.18
삼성자산운용

TIGER 국채3년
114820
채권/국공채권
674
106,410
3,213
-0.10
0.38
0.20
3.04
0.20
2.91
4.82
2.43
0.15
미래에셋자산운용

ACE G2전기차&자율주행액티브
414270
해외지수/해외지수
666
8,215
69,753
0.12
-0.24
-3.13
-4.86
-3.13
-5.08
-19.46

0.29
한국투자신탁운용

KODEX WTI원유선물(H)
261220
상품/원유
658
15,795
208,997
2.97
6.36
12.98
-6.37
12.98
17.74
-8.25
75.99
0.35
삼성자산운용

KBSTAR 중국본토대형주CSI100
174360
해외지수/해외지수
656
15,640
10,410
0.32
2.39
5.57
-4.84
5.57
-13.33
-17.25
-28.50
0.65
케이비자산운용

TIGER 미국테크TOP10 INDXX(H)
472160
해외지수/해외지수
653
11,730
200,822
-0.21
3.53
12.79

12.79



0.49
미래에셋자산운용

ARIRANG 미국S&P500(H)
269540
해외지수/해외지수
647
21,580
9,137
0.58
3.87
9.93
21.99
9.93
29.96
13.61
35.86
0.30
한화자산운용

WOORI 반도체밸류체인액티브
474590
섹터/IT
645
12,190
176,527
6.09
12.04


23.63



0.31
우리자산운용

TIGER 경기방어
139280
섹터/경기소비재
639
9,375
8,432
-0.74
2.57
0.21
12.29
0.21
9.71
-3.87
-22.24
0.40
미래에셋자산운용

HANARO 종합채권(AA-이상)액티브
461500
채권/회사채권
634
106,505
252
0.08
0.67
-0.05

-0.05



0.02
엔에이치아문디자산운용

TIGER 미국나스닥100TR채권혼합Fn
435420
기타/기타
634
11,875
54,921
0.08
1.58
3.67
11.05
3.67
15.74


0.25
미래에셋자산운용

KODEX 미국메타버스나스닥액티브
411420
해외지수/해외지수
631
10,700
67,854
-0.79
4.44
18.95
34.25
18.95
58.87
24.35

0.50
삼성자산운용

TIGER 미국나스닥100레버리지(합성)
418660
파생상품/레버리지
613
17,795
75,602
0.51
6.49
25.58
50.42
25.58
106.92
48.91

0.25
미래에셋자산운용

KODEX 국채선물10년
152380
채권/국공채권
613
65,830
5,160
-0.38
0.65
-1.30
6.25
-1.30
1.39
0.97
-5.60
0.07
삼성자산운용

KBSTAR 중기우량회사채
136340
채권/회사채권
611
105,055
1,686
0.12
0.47
1.09
3.60
1.09
4.59
6.74
4.58
0.07
케이비자산운용

히어로즈 CD금리액티브(합성)
458210
채권/단기자금
610
103,115
843
0.07
0.27
0.87
1.75
0.87



0.03
키움투자자산운용

KODEX 일본TOPIX100
101280
해외지수/해외지수
609
21,300
50,688
-1.16
3.52
17.42
18.90
17.42
31.24
32.72
33.28
0.19
삼성자산운용

WOORI 단기국공채액티브
458030
채권/단기자금
602
51,675
3,889
0.08
0.27
0.94
1.99
0.94



0.07
우리자산운용

KODEX 한국대만IT프리미어
298770
기타/기타
592
23,715
48,178
2.89
10.84
14.21
29.28
14.21
36.80
24.41
21.80
0.55
삼성자산운용

TIGER 미국S&P500레버리지(합성 H)
225040
파생상품/레버리지
575
38,345
12,587
0.31
6.96
18.46
45.03
18.46
61.28
11.40
42.73
0.25
미래에셋자산운용

TIGER 인도니프티50레버리지(합성)
236350
파생상품/레버리지
565
37,195
14,944
4.44
4.11
14.01
22.47
14.01
69.11
51.26
111.82
0.58
미래에셋자산운용

KODEX 미국달러선물
261240
통화/미국달러
557
12,745
44,296
0.63
1.47
5.64
2.12
5.64
8.42
18.17
26.94
0.25
삼성자산운용

히어로즈 26-09 회사채(AA-이상)액티브
464240
채권/회사채권
554
51,770
14,734
0.08
0.52
1.00
4.28
1.00



0.07
키움투자자산운용

KBSTAR KP달러채권액티브
469580
해외지수/해외지수
548
53,085
516
1.67
2.52
5.71

5.71



0.09
케이비자산운용

TIGER 우선주
261140
투자전략/투자전략
545
12,930
106,353
-1.11
1.41
13.67
20.36
13.67
22.40
13.90
1.32
0.29
미래에셋자산운용



TIGER 일본반도체FACTSET
465660
해외지수/해외지수
544
15,960
170,463
3.00
5.28
27.72
61.39
27.72



0.49
미래에셋자산운용

TIGER 코스닥150 레버리지
233160
파생상품/레버리지
543
14,875
246,788
0.54
17.82
17.45
25.37
17.45
39.41
13.68
-4.92
0.32
미래에셋자산운용

KODEX 유럽탄소배출권선물ICE(H)
400570
해외지수/해외지수
539
9,295
92,860
4.67
8.52
-20.72
-26.72
-20.72
-32.60
-27.21

0.64
삼성자산운용

ACE 단기채권알파액티브
440640
채권/단기자금
534
106,000
2,236
0.07
0.34
0.96
2.04
0.96
3.72


0.15
한국투자신탁운용

KODEX 차이나H
099140
해외지수/해외지수
522
14,360
204,667
1.77
3.35
5.05
-4.70
5.05
-9.80
-8.95
-31.77
0.12
삼성자산운용

HANARO e커머스
322400
테마/기타
521
10,540
5,236
-0.57
-2.90
-4.74
1.59
-4.74
-9.38
-35.40
-36.27
0.45
엔에이치아문디자산운용

TIGER 미국배당+3%프리미엄다우존스
458750
파생상품/구조화
516
11,150
73,367
1.87
6.07
10.57
13.37
10.57



0.39
미래에셋자산운용

KODEX TDF2050액티브
434060
기타/기타
510
12,770
107,096
0.51
3.82
9.05
16.46
9.05
21.94


0.30
삼성자산운용

HANARO 32-10 국고채액티브
448490
채권/국공채권
502
53,705
2,848
-0.44
0.88
-1.19
7.40
-1.19
2.25


0.05
엔에이치아문디자산운용

TIGER 2차전지TOP10레버리지
412570
파생상품/레버리지
497
4,820
667,871
-3.70
9.67
-14.31
-33.19
-14.31
-45.23
-27.90

0.29
미래에셋자산운용

ACE 인도네시아MSCI(합성)
256440
해외지수/해외지수
497
10,735
18,503
0.42
-0.83
2.00
0.94
2.00
2.78
3.32
24.90
0.70
한국투자신탁운용

KODEX 미국배당프리미엄액티브
441640
해외지수/해외지수
488
10,965
518,259
0.69
4.60
13.00
13.82
13.00
19.94


0.19
삼성자산운용

KODEX 미국채10년선물
308620
해외지수/해외지수
484
11,290
34,711
1.16
1.99
2.36
3.25
2.36
-0.44
-0.48
-0.22
0.09
삼성자산운용

TIMEFOLIO 미국나스닥100액티브
426030
해외지수/해외지수
484
19,095
52,133
0.10
7.55
27.98
51.01
27.98
84.23


0.80
타임폴리오자산운용

SOL 조선TOP3플러스
466920
섹터/산업재
481
9,450
259,278
-5.97
6.72
-0.63

-0.63



0.45
신한자산운용

TIGER 미국S&P500배당귀족
429000
해외지수/해외지수
473
11,705
36,475
2.23
6.50
11.82
15.00
11.82
20.08


0.25
미래에셋자산운용

TIGER 지주회사
307520
그룹주/기타
472
10,815
141,130
-0.92
2.46
6.50
19.25
6.50
17.91
7.60
1.34
0.50
미래에셋자산운용

TIGER 글로벌클라우드컴퓨팅INDXX
371450
해외지수/해외지수
471
10,495
18,842
-0.05
1.25
-1.08
16.35
-1.08
29.25
8.31
3.71
0.49
미래에셋자산운용

KODEX 증권
102970
섹터/금융
461
7,360
119,248
-4.66
-4.10
10.18
23.18
10.18
27.69
3.31
6.82
0.45
삼성자산운용

TIGER 차이나HSCEI
245360
해외지수/해외지수
461
8,320
40,752
1.03
3.23
4.79
-2.95
4.79
-9.96
-9.53
-32.55
0.35
미래에셋자산운용

KODEX 삼성전자채권혼합Wise
448330
기타/기타
460
11,495
41,601
1.46
4.12
2.00
8.29
2.00
11.87


0.07
삼성자산운용

KOSEF 글로벌AI반도체
473490
해외지수/해외지수
460
13,685
337,727
-1.69
8.10
34.56

34.56



0.40
키움투자자산운용

KODEX 인도Nifty50레버리지(합성)
453820
파생상품/레버리지
457
14,995
14,607
2.95
3.24
11.94
22.76
11.94



0.39
삼성자산운용

TIGER 미국나스닥바이오
203780
해외지수/해외지수
456
21,995
22,183
1.45
-0.86
5.06
11.19
5.06
13.92
18.80
13.54
0.30
미래에셋자산운용

TIGER 글로벌비만치료제TOP2Plus
476690
해외지수/해외지수
456
10,405
721,792
2.16
3.68


3.68




미래에셋자산운용

ACE 삼성그룹섹터가중
108450
그룹주/삼성
446
16,525
16,190
0.55
9.51
5.66
12.61
5.66
8.08
12.14
8.70
0.15
한국투자신탁운용

TIGER 200 헬스케어
227540
섹터/의료
442
19,095
32,742
-0.55
4.52
-0.42
16.47
-0.42
24.14
-3.78
-25.93
0.40
미래에셋자산운용

파워 200
152870
시장지수/코스피200
442
38,385
489
1.07
5.77
5.15
16.17
5.15
21.10
7.71
-2.34
0.15
교보악사자산운용

KODEX 미국S&P500배당귀족커버드콜(합성 H)
276970
파생상품/구조화
435
8,810
22,867
1.56
4.42
3.33
5.75
3.33
4.21
-1.63
2.32
0.30
삼성자산운용

HANARO 200선물레버리지
304780
파생상품/레버리지
428
22,505
1,251
2.09
11.44
7.58
31.61
7.58
37.23
2.06
-20.45
0.45
엔에이치아문디자산운용



KODEX WTI원유선물인버스(H)
271050
파생상품/인버스
427
4,110
422,812
-1.91
-5.19
-10.94
4.31
-10.94
-19.57
-11.80
-60.65
0.35
삼성자산운용

SOL 한국형글로벌반도체액티브
423170
해외지수/해외지수
425
18,250
60,162
3.02
10.44
26.91
54.99
26.91
77.46


0.55
신한자산운용

HANARO 글로벌럭셔리S&P(합성)
354350
해외지수/해외지수
424
19,940
8,959
-0.57
-0.08
8.90
14.63
8.90
7.32
13.94
23.09
0.50
엔에이치아문디자산운용

TIGER 인터넷TOP10
365000
섹터/IT
423
3,615
239,345
-0.14
-5.24
-2.95
-1.77
-2.95
-13.78
-59.65
-67.12
0.40
미래에셋자산운용

TIGER 미국테크TOP10채권혼합
472170
기타/기타
421
10,985
82,162
0.14
2.42
6.96

6.96



0.25
미래에셋자산운용

ACE 미국S&P500채권혼합액티브
438080
해외지수/해외지수
420
11,395
63,084
1.33
3.12
8.89
9.15
8.89
17.47


0.15
한국투자신탁운용

KODEX Fn웹툰&드라마
395150
테마/기타
420
4,015
37,278
1.39
-3.02
-6.95
6.22
-6.95
-22.57
-53.36

0.45
삼성자산운용

TIGER 레버리지
123320
파생상품/레버리지
418
19,915
156,120
1.81
11.73
8.23
30.55
8.23
38.20
3.72
-18.93
0.02
미래에셋자산운용

ACE 200TR
332500
시장지수/코스피200
415
24,455
14,742
1.18
5.82
5.36
16.70
5.36
21.49
8.33
-2.61
0.03
한국투자신탁운용

에셋플러스 글로벌플랫폼액티브
407830
해외지수/해외지수
414
8,105
23,004
0.43
-0.06
5.19
14.24
5.19
36.10
2.53

0.99
에셋플러스자산운용

KOSEF 통안채1년
122260
채권/국공채권
413
103,360
1,086
0.04
0.35
0.85
2.29
0.85
3.72
5.77
6.17
0.05
키움투자자산운용

KODEX K-신재생에너지액티브
385510
테마/녹색성장
412
15,830
57,518
4.32
20.79
13.19
17.43
13.19
21.24
47.72

0.50
삼성자산운용

HANARO Fn K-뉴딜디지털플러스
368190
테마/기타
410
8,570
3,359
-0.41
3.50
-4.51
6.00
-4.51
-4.99
-10.71
-29.93
0.45
엔에이치아문디자산운용

ARIRANG ESG가치주액티브
395750
테마/SRI
407
8,750
53,909
1.10
5.29
3.49
11.25
3.49
14.59
0.26

0.11
한화자산운용

KBSTAR AI&로봇
469070
섹터/IT
406
10,815
219,959
-2.74
1.12
-11.28

-11.28



0.40
케이비자산운용

KBSTAR Fn컨택트대표
388280
그룹주/기타
405
6,720
4,508
2.67
-0.81
-7.95
-12.50
-7.95
-16.49
-27.72

0.45
케이비자산운용

KBSTAR 2차전지TOP10
465330
테마/기타
400
14,795
459,872
-2.47
1.20
-9.32
-14.97
-9.32



0.07
케이비자산운용

TIGER 차이나전기차레버리지(합성)
456680
파생상품/레버리지
399
4,545
162,882
-1.94
6.69
-6.19
-29.53
-6.19



0.58
미래에셋자산운용

SOL 200 Top10
411540
시장지수/코스피200
399
9,070
2,182
-0.27
2.78
3.02
10.16
3.02
9.47
6.08

0.15
신한자산운용

KBSTAR 금융채액티브
336160
채권/회사채권
398
101,555
326
0.11
0.51
1.09
3.95
1.09
4.48
6.62
4.15
0.07
케이비자산운용

TIGER 유로스탁스50(합성 H)
195930
해외지수/해외지수
397
18,100
8,883
1.20
4.50
13.20
24.91
13.20
23.93
35.33
38.70
0.24
미래에셋자산운용

TIGER 차이나항셍테크레버리지(합성 H)
438320
해외지수/해외지수
395
4,860
366,576
1.04
1.36
-18.66
-24.88
-18.66
-43.06


0.58
미래에셋자산운용

TIGER 인버스
123310
파생상품/인버스
390
4,590
245,988
-0.76
-5.26
-3.77
-12.82
-3.77
-14.53
-3.97
4.91
0.02
미래에셋자산운용

KODEX 미국달러선물인버스
261270
파생상품/인버스
389
8,420
50,188
-0.53
-1.00
-4.21
0.00
-4.21
-3.66
-10.43
-16.80
0.45
삼성자산운용

KBSTAR 미국달러SOFR금리액티브(합성)
455960
해외지수/해외지수
387
10,620
857
0.95
1.63
5.41
2.12
5.41



0.05
케이비자산운용

ACE 포스코그룹포커스
469170
그룹주/기타
386
7,700
282,235
-4.17
-4.70
-20.78

-20.78



0.30
한국투자신탁운용

KBSTAR 고배당
266160
스타일/스타일
384
14,170
42,462
-1.84
2.64
10.58
18.20
10.58
29.66
19.61
29.89
0.20
케이비자산운용

대신343 K200
434960
시장지수/코스피200
383
38,310
360
1.16
6.00
6.15
16.42
6.15
21.56


0.10
대신자산운용

KODEX Fn시스템반도체
395160
섹터/IT
376
11,755
82,298
7.60
17.43
19.04
39.28
19.04
41.59
27.04

0.45
삼성자산운용

KODEX 미디어&엔터테인먼트
266360
섹터/IT
376
12,140
52,599
2.49
2.23
-4.63
5.89
-4.63
-8.13
-40.60
-43.18
0.45
삼성자산운용



KODEX 보험
140700
섹터/금융
375
9,615
169,697
-3.66
1.48
19.00
16.69
19.00
34.14
39.17
75.20
0.45
삼성자산운용

KODEX 차이나2차전지MSCI(합성)
419430
해외지수/해외지수
374
5,380
23,270
-1.74
4.87
0.19
-14.67
0.19
-30.49
-43.31

0.25
삼성자산운용

TIGER S&P글로벌헬스케어(합성)
248270
해외지수/해외지수
365
22,820
5,679
2.38
2.93
12.33
12.52
12.33
18.21
18.73
46.05
0.40
미래에셋자산운용

KODEX 200ESG
337160
테마/SRI
362
13,895
5,398
-0.89
2.74
6.97
15.70
6.97
21.00
7.81
-0.12
0.09
삼성자산운용

KBSTAR 미국채30년커버드콜(합성)
472830
파생상품/구조화
362
9,710
217,712
1.19
2.35
-0.27

-0.27



0.25
케이비자산운용

KBSTAR 미국반도체NYSE(H)
469050
해외지수/해외지수
359
14,660
99,660
0.03
6.70
15.93

15.93



0.05
케이비자산운용

TIGER 골드선물(H)
319640
상품/금속
356
14,940
17,201
2.57
9.37
6.00
14.97
6.00
8.85
7.60
19.28
0.39
미래에셋자산운용

ACE 중장기국공채액티브
272910
채권/국공채권
356
101,835
42
0.03
0.50
0.37
4.16
0.37
3.55
4.56
1.51
0.08
한국투자신탁운용

ARIRANG 우주항공&UAM iSelect
421320
테마/기타
352
12,815
53,645
0.91
3.77
11.77
27.13
11.77
27.44
29.35

0.45
한화자산운용

TIGER 차이나바이오테크SOLACTIVE
371470
해외지수/해외지수
347
5,365
28,379
0.09
-3.59
-14.30
-18.59
-14.30
-26.30
-36.21
-52.35
0.49
미래에셋자산운용

KBSTAR 글로벌리얼티인컴
475380
해외지수/해외지수
345
10,135
252,918
1.35
0.80


1.66




케이비자산운용

SOL 미국TOP5채권혼합40 Solactive
447620
기타/기타
342
11,740
26,879
0.30
0.26
0.95
4.12
0.95
14.04


0.25
신한자산운용

KBSTAR 중국본토CSI300
463300
해외지수/해외지수
342
8,950
4,677
-0.17
1.02
5.67
-4.58
5.67



0.05
케이비자산운용

TIGER 200IT레버리지
243880
파생상품/레버리지
341
47,105
6,695
4.85
22.11
11.90
35.50
11.90
28.88
-1.25
-25.76
0.69
미래에셋자산운용

KODEX IT
266370
섹터/IT
335
20,900
11,196
4.47
12.58
8.40
20.98
8.40
20.68
9.94
2.19
0.45
삼성자산운용

KBSTAR 국고채3년
114100
채권/국공채권
335
108,410
781
-0.07
0.36
0.31
3.09
0.31
2.94
4.93
2.42
0.12
케이비자산운용

KOSEF 미국달러선물
138230
통화/미국달러
333
14,550
2,027
0.83
1.61
5.70
2.23
5.70
8.52
18.75
27.61
0.37
키움투자자산운용

ARIRANG 일본반도체소부장Solactive
464920
해외지수/해외지수
333
15,230
57,886
0.53
4.82
25.25
57.66
25.25



0.50
한화자산운용

KODEX 고배당
279530
스타일/스타일
332
10,060
56,225
-2.38
-0.35
8.23
12.85
8.23
14.93
5.97
24.95
0.30
삼성자산운용

KODEX 미국달러선물레버리지
261250
파생상품/레버리지
332
13,765
49,612
1.66
2.88
10.74
2.27
10.74
13.15
29.43
47.93
0.45
삼성자산운용

KOSEF 글로벌퓨처모빌리티
394350
해외지수/해외지수
330
9,950
5,119
0.00
3.81
5.74
2.47
5.74
9.52
-7.10

0.31
키움투자자산운용

ARIRANG 미국채30년액티브
464470
해외지수/해외지수
328
51,700
10,128
2.55
3.52
-0.41
7.81
-0.41



0.15
한화자산운용

KBSTAR 200위클리커버드콜
475720
파생상품/구조화
316
10,370
352,770
1.32



3.21




케이비자산운용

WOORI 대한민국국고채액티브
426150
채권/국공채권
315
53,365
1,359
-0.28
0.79
-1.10
7.36
-1.10
3.09


0.07
우리자산운용

ACE 미국30년국채엔화노출액티브(H)
476750
해외지수/해외지수
314
9,905
411,304
2.75



-0.65




한국투자신탁운용

ARIRANG 미국장기우량회사채
332620
채권/회사채권
312
90,575
4,324
1.44
3.11
0.36
9.15
0.36
4.96
-3.16
-2.60
0.32
한화자산운용

KODEX 미국S&P500에너지(합성)
218420
해외지수/해외지수
309
14,880
27,540
3.91
12.73
15.75
3.44
15.75
20.49
39.39
122.42
0.25
삼성자산운용

ACE 일본Nikkei225(H)
238720
해외지수/해외지수
309
28,225
51,135
-0.72
3.77
21.50
27.31
21.50
50.09
52.65
46.93
0.30
한국투자신탁운용

TIMEFOLIO Korea플러스배당액티브
441800
시장지수/코스피200
309
12,385
87,183
-3.23
-0.04
10.64
15.17
10.64
31.78


0.80
타임폴리오자산운용

SOL 미국S&P500ESG
399110
해외지수/해외지수
306
13,980
19,175
1.38
5.55
14.90
23.09
14.90
37.97
30.34

0.15
신한자산운용



KBSTAR 국채선물5년추종인버스
397410
파생상품/인버스
305
55,810
6,401
0.37
0.05
2.03
-0.82
2.03
3.90
6.35

0.07
케이비자산운용

TIGER 코스닥150바이오테크
261070
시장지수/코스닥
304
12,000
117,308
-0.41
19.70
32.74
59.26
32.74
70.33
36.78
-11.86
0.40
미래에셋자산운용

KODEX K-친환경선박액티브
445150
테마/기타
300
10,545
44,941
-2.77
0.05
-5.17
-4.09
-5.17
8.89


0.50
삼성자산운용

KODEX 탄소효율그린뉴딜
375770
테마/녹색성장
298
9,670
2,115
1.79
5.74
6.79
16.79
6.79
21.96
11.03
1.18
0.09
삼성자산운용

SOL 코스닥150
450910
시장지수/코스닥
291
15,000
434
0.47
8.50
9.05
14.99
9.05
23.76


0.15
신한자산운용

HANARO CAPEX설비투자iSelect
454320
섹터/산업재
289
12,580
244,316
0.88
14.57
17.30
14.52
17.30



0.45
엔에이치아문디자산운용

KODEX 글로벌로봇(합성)
276990
해외지수/해외지수
288
18,320
13,671
0.16
3.71
5.47
17.89
5.47
14.11
8.82
8.47
0.30
삼성자산운용

TIGER 글로벌멀티에셋TIF액티브
440340
해외지수/해외지수
284
10,565
8,715
1.54
4.49
8.93
11.96
8.93
16.59


0.55
미래에셋자산운용

ARIRANG 미국나스닥테크
287180
해외지수/해외지수
283
33,280
5,317
0.02
2.68
12.30
33.33
12.30
57.84
37.98
62.58
0.50
한화자산운용

TIGER 코스피고배당
210780
스타일/스타일
282
14,920
18,808
-3.15
-0.17
6.95
11.40
6.95
17.55
3.22
28.63
0.29
미래에셋자산운용

SOL KIS단기통안채
363510
채권/단기자금
281
106,540
108
0.07
0.27
0.83
1.75
0.83
3.38
5.69
6.27
0.07
신한자산운용

KBSTAR 내수주플러스
326230
섹터/경기소비재
280
8,555
5,799
0.00
3.63
6.34
10.82
6.34
9.53
-4.99
-15.66
0.40
케이비자산운용

TIMEFOLIO Kstock액티브
385720
시장지수/코스피200
280
9,620
13,050
1.26
5.77
7.37
14.73
7.37
14.05
0.42

0.80
타임폴리오자산운용

KODEX K-미래차액티브
385520
테마/기타
277
9,740
10,645
0.41
3.45
-1.52
5.01
-1.52
1.71
-4.37

0.50
삼성자산운용

TIGER KEDI혁신기업ESG30
417630
테마/SRI
272
10,490
28,006
0.43
2.94
-1.18
7.38
-1.18
9.08
1.83

0.50
미래에셋자산운용

KODEX 코스피TR
359210
시장지수/코스피200
272
13,610
108,912
0.37
4.57
4.45
13.51
4.45
15.68
5.83
-3.06
0.07
삼성자산운용

TIGER 200커버드콜ATM
289480
파생상품/구조화
272
9,045
57,559
0.72
3.00
6.04
11.46
6.04
14.03
1.86
-1.87
0.38
미래에셋자산운용

KBSTAR 차이나HSCEI(H)
250730
해외지수/해외지수
271
6,720
42,882
-0.15
0.67
-1.39
-6.93
-1.39
-16.31
-22.04
-45.89
0.02
케이비자산운용

SOL 국고채3년
438560
채권/국공채권
269
102,940
611
-0.01
0.47
0.34
3.23
0.34
3.23


0.05
신한자산운용

ACE ESG액티브
385590
테마/SRI
268
8,350
739
0.78
7.05
6.30
12.99
6.30
17.42
-1.80

0.50
한국투자신탁운용

KODEX 코스피100
237350
시장지수/코스피100
267
29,650
10,584
0.87
5.74
5.97
16.53
5.97
21.66
8.50
-3.45
0.15
삼성자산운용

TIGER 글로벌BBIG액티브
387270
해외지수/해외지수
267
14,240
22,822
0.28
4.44
14.47
27.83
14.47
44.20
27.43

0.55
미래에셋자산운용

KODEX KRX기후변화솔루션
404260
테마/녹색성장
266
12,665
1,385
-0.24
4.58
1.89
6.38
1.89
12.12
45.11

0.09
삼성자산운용

KODEX TRF7030
329670
기타/기타
263
16,545
13,265
1.38
4.35
10.48
17.30
10.48
24.73
21.92
36.23
0.10
삼성자산운용

ARIRANG 미국단기우량회사채
332610
채권/회사채권
259
116,260
235
0.52
1.40
5.27
3.00
5.27
7.91
15.42
21.10
0.32
한화자산운용

KODEX TRF5050
329660
기타/기타
259
14,545
14,181
1.43
3.89
8.26
14.66
8.26
18.78
17.35
25.50
0.17
삼성자산운용

KODEX 미국러셀2000(H)
280930
해외지수/해외지수
255
13,130
50,660
1.23
3.67
1.70
18.34
1.70
17.08
-3.03
-8.05
0.45
삼성자산운용

HANARO 200 TOP10
407310
시장지수/코스피200
254
8,900
36,893
0.11
2.89
2.90
10.30
2.90
9.61
6.31

0.15
엔에이치아문디자산운용

TIGER TSMC밸류체인FACTSET
453950
해외지수/해외지수
252
15,820
36,088
-1.77
7.11
26.51
53.89
26.51



0.49
미래에셋자산운용

TIGER 구리실물
160580
상품/금속
250
10,600
9,699
0.57
7.51
5.05
5.63
5.05
1.15
-7.22
14.10
0.83
미래에셋자산운용



TIGER 미국달러선물인버스2X
261120
파생상품/인버스
250
6,230
21,236
-1.42
-2.81
-8.98
-1.81
-8.98
-10.23
-24.58
-35.64
0.05
미래에셋자산운용

KBSTAR 미국S&P500(H)
453330
해외지수/해외지수
249
13,175
25,020
0.57
4.06
9.95
22.30
9.95
30.81


0.02
케이비자산운용

TIGER 퓨처모빌리티액티브
387280
테마/기타
248
9,870
12,330
0.36
3.30
2.28
3.46
2.28
-7.19
-4.87

0.77
미래에셋자산운용

ACE 코스닥150
354500
시장지수/코스닥
246
15,335
6,434
0.62
8.80
9.81
15.52
9.81
23.66
16.44
7.87
0.02
한국투자신탁운용

KBSTAR 중장기국공채액티브
272570
채권/국공채권
245
104,500
82
-0.02
0.50
0.06
4.09
0.06
2.90
4.74
0.83
0.07
케이비자산운용

TIGER 원유선물Enhanced(H)
130680
상품/원유
244
4,695
100,457
3.07
6.34
11.79
-7.67
11.79
15.78
-8.75
73.57
0.69
미래에셋자산운용

ACE 미국친환경그린테마INDXX
391600
해외지수/해외지수
242
8,960
7,219
2.58
0.34
-9.49
-8.06
-9.49
-6.28
-13.80

0.70
한국투자신탁운용

KODEX S&P글로벌인프라(합성)
269420
해외지수/해외지수
241
14,945
8,604
1.98
6.33
4.80
8.73
4.80
6.71
7.98
31.96
0.26
삼성자산운용

KOSEF 미국S&P500
449770
해외지수/해외지수
241
14,200
12,273
1.14
5.11
15.16
23.46
15.16
38.11


0.02
키움투자자산운용

마이티 다이나믹퀀트액티브
442260
투자전략/투자전략
240
13,365
2,149
1.17
5.19
5.19
17.19
5.19
23.74


0.30
DB자산운용

KODEX KRX300
292190
시장지수/KRX300
235
18,095
6,095
1.40
6.35
6.16
16.82
6.16
22.28
9.74
-1.07
0.05
삼성자산운용

KBSTAR 글로벌4차산업IT(합성 H)
276650
해외지수/해외지수
232
27,300
2,668
-0.51
4.26
11.66
30.87
11.66
45.79
20.72
34.05
0.40
케이비자산운용

KODEX 철강
117680
섹터/소재
232
8,970
35,254
-1.21
-3.86
-8.24
-7.53
-8.24
3.06
1.49
8.60
0.45
삼성자산운용

ACE 2차전지&친환경차액티브
385600
테마/기타
231
12,160
18,870
-2.88
-0.16
-4.44
-3.18
-4.44
11.74
23.41

0.29
한국투자신탁운용

KODEX 200롱코스닥150숏선물
360140
기타/기타
230
8,240
38,490
0.43
-3.12
-4.68
-3.57
-4.68
-11.06
-21.22
-29.36
0.64
삼성자산운용

KODEX 한국부동산리츠인프라
476800
기타/기타
230
5,245
685,509
0.77



2.14




삼성자산운용

KBSTAR 국채선물10년인버스
295020
파생상품/인버스
229
54,825
3,065
0.61
-0.28
2.86
-3.46
2.86
3.94
7.05
15.32
0.07
케이비자산운용

KODEX 건설
117700
섹터/산업재
227
3,295
56,674
-1.93
-3.65
-2.37
-3.09
-2.37
5.85
-3.74
0.18
0.45
삼성자산운용

ACE AI반도체포커스
469150
섹터/IT
227
16,820
60,704
14.46
24.55
37.64

37.64



0.30
한국투자신탁운용

KODEX 배당성장채권혼합
237370
기타/기타
226
12,575
9,572
-0.16
0.60
2.28
5.14
2.28
8.22
5.85
6.84
0.19
삼성자산운용

ACE 8월만기자동연장회사채AA-이상액티브
475280
채권/단기자금
225
10,085
12,693
0.10
0.35


0.70



0.05
한국투자신탁운용

TIGER 리츠부동산인프라채권TR KIS
341850
기타/기타
224
4,805
19,058
0.41
2.65
4.75
7.07
4.75
5.70
-8.72
1.18
0.22
미래에셋자산운용

ACE 일본TOPIX레버리지(H)
196030
파생상품/레버리지
223
43,600
4,537
-4.93
5.77
35.97
35.70
35.97
95.65
102.23
100.18
0.50
한국투자신탁운용

KODEX 게임산업
300950
테마/기타
222
6,915
63,628
0.95
4.85
-0.86
16.32
-0.86
-14.63
-44.36
-48.45
0.45
삼성자산운용

ACE 미국빅테크TOP7 Plus레버리지(합성)
465610
파생상품/레버리지
221
15,810
31,117
0.06
9.68
44.78
72.32
44.78



0.60
한국투자신탁운용

TIGER 삼성그룹펀더멘털
138520
그룹주/삼성
220
13,235
79,032
0.30
7.17
8.17
18.55
8.17
24.31
23.91
14.69
0.15
미래에셋자산운용

KODEX 차이나심천ChiNext(합성)
256750
해외지수/해외지수
219
7,845
11,451
-3.86
1.88
-0.70
-10.09
-0.70
-25.85
-35.06
-33.83
0.47
삼성자산운용

KBSTAR 배터리 리사이클링iSelect
446700
테마/기타
216
12,570
19,252
-1.45
0.12
-0.28
-8.01
-0.28
-11.29


0.40
케이비자산운용

KODEX 차이나A50
169950
해외지수/해외지수
214
17,880
4,170
0.79
3.23
9.53
-2.27
9.53
-6.24
-9.65
-21.96
0.12
삼성자산운용

ARIRANG 고배당주채권혼합
251600
기타/기타
213
11,875
23,670
-1.41
0.51
6.05
9.85
6.05
12.45
11.10
16.36
0.20
한화자산운용



ACE 2월만기자동연장회사채AA-이상액티브
475260
채권/단기자금
213
10,090
2,569
0.10
0.40


0.80



0.05
한국투자신탁운용

TIGER 200TR
310960
시장지수/코스피200
213
21,275
4,218
1.12
5.92
5.56
16.74
5.56
21.12
7.89
-3.05
0.09
미래에셋자산운용

KODEX 배당성장
211900
스타일/스타일
211
15,045
8,076
-0.50
1.11
5.54
11.28
5.54
19.52
6.88
9.53
0.15
삼성자산운용

TIGER 200 에너지화학
139250
섹터/소재
208
13,550
23,173
-1.35
1.12
-6.36
-0.91
-6.36
-12.33
-17.66
-27.54
0.40
미래에셋자산운용

ARIRANG 우량회사채50 1년
239660
채권/회사채권
207
115,270
792
0.03
0.33
0.70
2.19
0.70
3.52
6.11
6.19
0.14
한화자산운용

KTOP 차이나H(H)
472350
해외지수/해외지수
206
10,355
41,247
1.57
3.39
3.55

3.55



0.11
하나자산운용

HANARO 코스닥150
304770
시장지수/코스닥
205
15,225
3,418
0.10
8.52
9.18
14.99
9.18
23.37
17.30
7.77
0.20
엔에이치아문디자산운용

TIGER KRX기후변화솔루션
404540
테마/녹색성장
204
12,800
2,254
0.55
4.83
1.31
6.47
1.31
12.37
45.75

0.09
미래에셋자산운용

ACE 5월만기자동연장회사채AA-이상액티브
475270
채권/단기자금
204
10,080
5,080
0.10
0.35


0.70



0.05
한국투자신탁운용

TIGER 차이나클린에너지SOLACTIVE
396510
해외지수/해외지수
203
5,690
16,063
-2.07
3.27
2.06
-8.52
2.06
-30.40
-40.48

0.49
미래에셋자산운용

TIGER Fn신재생에너지
377990
테마/녹색성장
202
8,945
19,853
2.76
10.36
-1.21
1.36
-1.21
-8.32
-0.66
-11.69
0.50
미래에셋자산운용

ACE 아시아TOP50S&P
277540
해외지수/해외지수
201
13,420
3,150
1.55
7.79
9.69
11.46
9.69
6.80
1.40
-15.12
0.70
한국투자신탁운용

KBSTAR 200선물인버스2X
252420
파생상품/인버스
199
1,984
159,120
-1.29
-11.03
-9.41
-27.19
-9.41
-31.70
-19.19
-7.29
0.60
케이비자산운용

HANARO Fn전기&수소차
381560
테마/기타
195
8,515
5,488
-1.45
-0.29
-4.26
-1.93
-4.26
-3.70
5.05

0.45
엔에이치아문디자산운용

KBSTAR 글로벌자산배분액티브
461490
기타/기타
193
11,370
36,978
1.25
4.07
6.91
12.97
6.91



0.20
케이비자산운용

KODEX TDF2030액티브
433970
기타/기타
190
11,890
11,585
0.34
2.54
4.62
11.67
4.62
13.57


0.20
삼성자산운용

SOL 글로벌탄소배출권선물ICE(합성)
400590
해외지수/해외지수
190
11,160
20,537
2.90
4.69
-12.23
-13.12
-12.23
-12.50
-5.98

0.55
신한자산운용

TIGER 게임TOP10
364990
섹터/IT
189
5,420
63,662
2.94
3.63
3.34
23.74
3.34
-10.63
-41.46
-49.79
0.40
미래에셋자산운용

KBSTAR 미국S&P원유생산기업(합성 H)
219390
해외지수/해외지수
189
6,945
143,778
1.24
10.06
9.03
2.13
9.03
20.78
16.82
91.06
0.25
케이비자산운용

KODEX 미국나스닥100선물인버스(H)
409810
해외지수/해외지수
189
8,560
114,805
0.47
-2.12
-6.70
-18.28
-6.70
-27.64
-18.82

0.30
삼성자산운용

KODEX 다우존스미국리츠(H)
352560
기타/기타
188
11,775
9,626
0.86
2.62
-3.03
15.51
-3.03
11.82
-16.08
0.69
0.09
삼성자산운용

KBSTAR 200선물레버리지
252400
파생상품/레버리지
186
18,610
26,068
1.67
11.60
7.39
30.14
7.39
36.94
1.56
-21.34
0.60
케이비자산운용

TIGER 배당성장
211560
스타일/스타일
186
18,810
8,112
-0.32
1.76
5.76
11.97
5.76
20.25
7.30
10.03
0.15
미래에셋자산운용

ACE 국고채3년
114460
채권/국공채권
185
102,525
255
0.02
0.43
0.32
3.15
0.32
3.04
4.91
2.53
0.15
한국투자신탁운용

KODEX 미국S&P500산업재(합성)
200030
해외지수/해외지수
184
29,500
4,042
0.67
6.10
14.50
24.87
14.50
31.64
33.48
50.40
0.25
삼성자산운용

KODEX 유럽명품TOP10 STOXX
456250
해외지수/해외지수
184
9,940
20,721
-0.85
0.00
17.08
24.98
17.08



0.45
삼성자산운용

TIGER MSCI KOREA ESG리더스
289260
시장지수/MSCI Korea Index
184
9,300
1,507
-0.27
5.62
4.97
13.62
4.97
8.82
-6.56
-17.07
0.40
미래에셋자산운용

ARIRANG 코스피50
122090
시장지수/코스피50
183
26,600
7,268
1.43
5.81
6.61
17.95
6.61
22.16
9.02
-3.83
0.33
한화자산운용

ACE 주주환원가치주액티브
447430
투자전략/투자전략
182
12,140
56,320
-1.38
-0.08
5.29
11.89
5.29
19.61


0.70
한국투자신탁운용

TIGER 탄소효율그린뉴딜
376410
테마/녹색성장
181
9,515
4,756
0.95
6.08
6.43
15.70
6.43
20.98
9.68
0.27
0.09
미래에셋자산운용



KOSEF 미국나스닥100(H)
453080
해외지수/해외지수
181
15,090
43,200
-0.13
2.51
7.98
24.10
7.98
41.29


0.04
키움투자자산운용

KODEX iShares미국투자등급회사채액티브
468630
해외지수/해외지수
179
10,875
25,237
1.26
3.07
3.31

3.31



0.10
삼성자산운용

ACE 글로벌메타버스테크액티브
411050
해외지수/해외지수
178
11,895
5,543
1.88
6.25
20.76
43.57
20.76
67.54
34.63

0.50
한국투자신탁운용

KODEX 미국S&P바이오(합성)
185680
해외지수/해외지수
177
27,885
12,248
0.29
-5.91
8.97
29.04
8.97
32.31
16.09
-15.46
0.25
삼성자산운용

TIGER 200 건설
139220
섹터/산업재
176
3,270
74,577
-0.76
-1.06
2.67
6.17
2.67
11.72
7.25
15.26
0.40
미래에셋자산운용

KODEX 200가치저변동
223190
스타일/스타일
175
11,700
20,298
-1.27
2.95
10.33
19.94
10.33
27.34
16.27
13.36
0.30
삼성자산운용

ARIRANG 미국S&P500
429760
해외지수/해외지수
173
13,400
20,280
1.28
5.39
14.48
22.43
14.48
37.06


0.07
한화자산운용

KODEX 200exTOP
337150
시장지수/코스피200
173
12,330
6,037
-0.48
3.14
6.20
14.48
6.20
15.60
2.00
-7.87
0.30
삼성자산운용

KoAct 글로벌AI&로봇액티브
471040
해외지수/해외지수
172
12,825
27,766
0.87
5.64
19.58

19.58



0.50
삼성액티브자산운용

TIGER 코스닥150선물인버스
250780
파생상품/인버스
172
3,295
1,086,791
-0.45
-8.34
-9.60
-17.73
-9.60
-26.20
-27.66
-29.67
0.32
미래에셋자산운용

KODEX iShares미국하이일드액티브
468380
해외지수/해외지수
171
10,725
84,019
1.27
2.92
6.59

6.59



0.15
삼성자산운용

KBSTAR 삼성그룹Top3채권혼합블룸버그
448630
기타/기타
168
10,430
34,637
-0.05
5.09
1.91
6.97
1.91
4.30


0.20
케이비자산운용

TIGER 차이나반도체FACTSET
396520
해외지수/해외지수
168
5,100
28,643
-5.20
-1.35
-9.25
-9.33
-9.25
-26.46
-34.99

0.49
미래에셋자산운용

SOL 자동차소부장Fn
464600
섹터/경기소비재
167
10,460
8,382
-1.32
0.97
0.92
4.34
0.92



0.45
신한자산운용

TIGER 스페이스테크iSelect
463250
테마/기타
167
12,355
66,363
0.98
8.28
6.33
15.47
6.33



0.45
미래에셋자산운용

KODEX KRX300레버리지
306950
파생상품/레버리지
167
16,550
1,336
2.13
12.78
15.09
32.77
15.09
41.45
4.91
-18.33
0.64
삼성자산운용

TIGER 단기선진하이일드(합성 H)
182490
해외지수/해외지수
165
12,695
4,350
-0.16
1.07
0.99
6.98
0.99
9.31
7.38
6.16
0.24
미래에셋자산운용

KODEX 53-09 국고채액티브
457700
채권/국공채권
165
10,715
13,105
-0.92
1.23
-3.60
11.96
-3.60



0.15
삼성자산운용

KOSEF 국고채3년
114470
채권/국공채권
164
109,180
329
0.02
0.40
0.30
3.17
0.30
3.22
5.14
2.69
0.05
키움투자자산운용

KOSEF 코스닥150
316670
시장지수/코스닥
163
7,635
3,940
1.06
9.31
9.62
15.70
9.62
24.45
17.23
7.07
0.15
키움투자자산운용

KODEX 에너지화학
117460
섹터/소재
163
15,530
13,815
-1.02
1.80
-2.79
-5.88
-2.79
-9.81
-4.10
-13.40
0.45
삼성자산운용

에셋플러스 코리아플랫폼액티브
407820
테마/기타
160
6,940
3,247
2.59
1.76
-1.49
0.22
-1.49
-0.79
-25.09

0.98
에셋플러스자산운용

TIGER 차이나CSI300인버스(합성)
217780
파생상품/인버스
159
9,010
5,669
-0.66
-1.69
-7.11
2.21
-7.11
12.55
9.28
14.27
0.58
미래에셋자산운용

KOSEF 미국달러선물레버리지
225800
파생상품/레버리지
158
13,145
2,745
1.58
2.86
10.98
2.22
10.98
12.93
29.70
48.70
0.64
키움투자자산운용

TIGER 글로벌사이버보안INDXX
418670
해외지수/해외지수
157
12,185
19,352
-1.73
-1.81
4.15
21.49
4.15
35.61
5.59

0.49
미래에셋자산운용

ACE 미국나스닥100채권혼합액티브
438100
해외지수/해외지수
152
11,730
18,642
0.99
2.45
7.91
9.57
7.91
20.12


0.15
한국투자신탁운용

KODEX 3대농산물선물(H)
271060
상품/농산물
151
9,690
7,949
0.83
2.38
-9.65
-11.30
-9.65
-19.92
-32.47
-2.61
0.55
삼성자산운용

TIGER 농산물선물Enhanced(H)
137610
상품/농산물
151
6,265
6,831
0.32
2.04
-6.49
-11.26
-6.49
-16.30
-24.47
12.18
0.69
미래에셋자산운용

BNK 주주가치액티브
445690
투자전략/투자전략
150
13,675
725
-0.69
4.07
6.42
17.74
6.42
19.38


0.50
비엔케이자산운용

TIMEFOLIO 미국S&P500액티브
426020
해외지수/해외지수
150
16,695
47,671
1.24
6.98
22.58
36.51
22.58
63.20


0.80
타임폴리오자산운용



KBSTAR 채권혼합
183700
기타/기타
149
62,225
64
0.57
2.37
2.08
6.16
2.08
8.25
6.25
1.25
0.20
케이비자산운용

TIGER MKF배당귀족
445910
스타일/스타일
149
12,470
7,574
1.05
4.31
1.55
6.29
1.55
18.29


0.20
미래에셋자산운용

KODEX 코스피대형주
337140
스타일/스타일
149
13,510
7,754
0.67
4.20
5.30
13.82
5.30
16.71
6.97
-2.92
0.15
삼성자산운용

KODEX 차이나과창판STAR50(합성)
415340
해외지수/해외지수
148
5,765
2,558
-4.32
-5.02
-9.99
-13.83
-9.99
-29.09
-30.58

0.09
삼성자산운용

ARIRANG 선진국MSCI(합성 H)
195970
해외지수/해외지수
148
12,030
10,724
-1.07
2.30
4.75
15.56
4.75
13.92
5.11
3.17
0.50
한화자산운용

ACE 멕시코MSCI(합성)
291130
해외지수/해외지수
148
16,395
3,054
2.82
6.81
4.46
18.12
4.46
21.44
38.94
83.39
0.50
한국투자신탁운용

KBSTAR V&S셀렉트밸류채권혼합
241390
기타/기타
146
12,175
3,116
0.41
2.61
2.53
6.60
2.53
8.26
6.29
3.95
0.23
케이비자산운용

KODEX 미국서학개미
473460
해외지수/해외지수
145
11,120
105,006
1.55
2.49
11.81

11.81



0.25
삼성자산운용

KBSTAR 헬스케어채권혼합
253290
기타/기타
145
12,100
13,018
-0.49
3.95
4.63
12.12
4.63
13.83
8.65
-0.16
0.35
케이비자산운용

TIGER 유로스탁스배당30
245350
해외지수/해외지수
144
12,100
4,729
4.27
7.22
7.79
12.60
7.79
18.85
12.20
14.44
0.35
미래에셋자산운용

ACE 미국다우존스리츠(합성 H)
181480
기타/기타
144
79,810
183
0.90
2.49
-2.00
15.12
-2.00
10.36
-18.37
-5.10
0.30
한국투자신탁운용

KOSEF KRX100
100910
시장지수/KRX100
144
5,970
896
0.59
5.94
6.42
16.75
6.42
20.58
7.92
-5.01
0.23
키움투자자산운용

SOL 의료기기소부장Fn
464610
섹터/의료
143
8,970
29,913
3.70
3.64
-5.83
-6.61
-5.83



0.45
신한자산운용

HANARO 글로벌탄소배출권선물ICE(합성)
401590
해외지수/해외지수
143
9,255
8,680
3.12
5.17
-12.15
-14.23
-12.15
-23.76
-20.80

0.50
엔에이치아문디자산운용

TIGER 원유선물인버스(H)
217770
파생상품/인버스
143
2,750
91,127
-1.96
-5.17
-11.58
3.00
-11.58
-21.20
-15.77
-62.59
0.69
미래에셋자산운용

KODEX 미국S&P500테크놀로지
463680
해외지수/해외지수
142
12,390
20,709
0.57
3.90
14.08
29.36
14.08



0.25
삼성자산운용

KBSTAR 200선물인버스
252410
파생상품/인버스
141
5,220
7,766
-1.23
-5.78
-4.31
-13.29
-4.31
-15.40
-5.95
1.75
0.60
케이비자산운용

KOSEF 미국달러선물인버스2X
230480
파생상품/인버스
141
5,490
14,804
-0.90
-2.23
-8.88
-1.61
-8.88
-10.44
-24.79
-36.05
0.64
키움투자자산운용

KODEX 미국S&P500헬스케어
453640
해외지수/해외지수
140
12,350
20,883
3.35
3.91
15.29
16.01
15.29
23.67


0.25
삼성자산운용

KBSTAR 미국장기국채선물(H)
267440
해외지수/해외지수
140
8,605
13,718
-0.46
0.47
-4.23
4.18
-4.23
-7.87
-19.09
-22.34
0.40
케이비자산운용

TIGER 200 금융
139270
섹터/금융
139
7,980
46,484
-5.56
2.24
20.72
27.68
20.72
39.85
20.33
36.69
0.40
미래에셋자산운용

KOSEF 국고채10년레버리지
167860
파생상품/레버리지
138
106,330
421
-0.64
1.18
-3.12
10.93
-3.12
0.40
-2.98
-15.78
0.30
키움투자자산운용

ARIRANG 미국다우존스고배당주(합성 H)
213630
해외지수/해외지수
137
15,990
4,264
1.94
5.96
5.20
12.84
5.20
6.99
-6.24
4.72
0.40
한화자산운용

KBSTAR 5대그룹주
105780
그룹주/기타
135
6,730
7,322
-0.81
3.38
4.18
13.11
4.18
7.06
-0.30
-14.77
0.40
케이비자산운용

HANARO Fn K-게임
395280
섹터/IT
135
4,225
7,894
1.56
3.55
-0.94
15.91
-0.94
-13.86
-44.58

0.45
엔에이치아문디자산운용

KODEX 미국S&P500금융
453650
해외지수/해외지수
134
14,090
4,628
0.93
5.98
17.74
26.89
17.74
40.90


0.25
삼성자산운용

KBSTAR 미국반도체NYSE
469060
해외지수/해외지수
133
14,730
21,005
1.13
8.07
21.93

21.93



0.05
케이비자산운용

ACE 미국IT인터넷S&P(합성 H)
280320
해외지수/해외지수
132
16,475
4,058
-0.24
1.95
8.78
29.27
8.78
43.14
0.52
-12.55
0.50
한국투자신탁운용

KBSTAR 미국고정배당우선증권ICE TR
354240
해외지수/해외지수
131
10,980
9,662
-0.36
2.86
8.39
12.16
8.39
15.95
8.66
8.77
0.50
케이비자산운용

KODEX 운송
140710
섹터/산업재
130
4,625
62,328
-0.75
-7.22
-9.93
7.56
-9.93
-1.85
-23.40
-23.71
0.45
삼성자산운용



TIGER 코리아테크액티브
471780
테마/기타
128
11,490
12,886
4.31
10.91
7.74

7.74



0.77
미래에셋자산운용

SOL 미국30년국채액티브(H)
461600
해외지수/해외지수
128
9,495
23,503
1.12
1.39
-5.43
4.80
-5.43



0.05
신한자산운용

파워 코스피100
140950
시장지수/코스피100
128
29,085
164
1.32
5.65
5.63
16.76
5.63
21.61
8.37
-3.14
0.16
교보악사자산운용

SOL KRX300
292500
시장지수/KRX300
127
18,205
306
1.56
6.31
6.19
16.93
6.19
22.89
9.74
-0.90
0.05
신한자산운용

ACE 글로벌브랜드TOP10블룸버그
435040
해외지수/해외지수
127
14,190
4,762
0.89
2.49
11.02
19.96
11.02
30.92


0.50
한국투자신탁운용

SOL 반도체후공정
475310
섹터/IT
127
14,075
150,886
16.80
29.13


28.83




신한자산운용

TIGER K게임
300610
테마/기타
126
7,645
18,072
-0.13
2.89
-4.02
11.44
-4.02
-16.63
-47.29
-43.59
0.50
미래에셋자산운용

WOORI 미국S&P500
444490
해외지수/해외지수
126
13,315
10,301
1.29
4.43
14.64
22.49
14.64
39.35


0.05
우리자산운용

HANARO 글로벌생성형AI액티브
461340
해외지수/해외지수
126
14,040
30,442
-0.25
6.16
24.03
44.00
24.03



0.60
엔에이치아문디자산운용

ACE KPOP포커스
475050
테마/기타
125
8,940
284,022
10.64
9.09


5.61



0.30
한국투자신탁운용

SOL 반도체전공정
475300
섹터/IT
125
11,910
130,677
2.76
12.62


8.72




신한자산운용

KOSEF 고배당
104530
스타일/스타일
125
10,380
9,280
-4.02
0.63
14.07
20.64
14.07
25.56
15.67
47.72
0.40
키움투자자산운용

HANARO KOFR금리액티브(합성)
453060
채권/단기자금
125
103,870
112
0.07
0.26
0.88
1.78
0.88
3.69


0.05
엔에이치아문디자산운용

KODEX MSCI KOREA ESG유니버설
289040
시장지수/MSCI Korea Index
124
11,285
197
0.04
5.42
6.97
16.64
6.97
19.43
5.62
-4.86
0.30
삼성자산운용

ITF 200
472840
시장지수/코스피200
124
37,965
334
0.98
6.02
5.15

5.15



0.08
아이비케이자산운용

히어로즈 25-09 미국채권(AA-이상)액티브
467620
해외지수/해외지수
123
51,285
21,440
0.74
1.53
5.07

5.07



0.29
키움투자자산운용

TIGER 글로벌자원생산기업(합성 H)
276000
해외지수/해외지수
123
15,195
1,733
1.00
6.93
-1.52
1.88
-1.52
0.16
-9.61
19.46
0.40
미래에셋자산운용

TIGER LG그룹+펀더멘털
138530
그룹주/LG
122
7,660
15,782
-1.29
-1.23
-4.07
-3.39
-4.07
-16.39
-19.48
-26.34
0.15
미래에셋자산운용

TIGER 일본TOPIX(합성 H)
195920
해외지수/해외지수
122
23,365
3,642
-1.14
3.71
17.35
16.53
17.35
39.58
44.81
42.64
0.24
미래에셋자산운용

KODEX 기계장비
102960
섹터/산업재
122
6,670
30,032
-2.70
4.96
0.08
-0.67
0.08
8.79
24.02
26.49
0.45
삼성자산운용

TIGER 은행
091220
섹터/금융
122
8,350
47,888
-5.97
3.66
21.43
29.91
21.43
40.43
12.81
32.96
0.46
미래에셋자산운용

KODEX 코스닥글로벌
461450
시장지수/코스닥
121
12,060
1,674
1.69
8.45
7.53
23.38
7.53



0.09
삼성자산운용

TIGER 미국캐시카우100
465670
해외지수/해외지수
120
12,195
15,392
4.09
12.01
18.35
23.72
18.35



0.25
미래에셋자산운용

KODEX 미국S&P500통신서비스
463690
해외지수/해외지수
119
12,400
5,101
0.65
4.86
16.36
25.46
16.36



0.25
삼성자산운용

KODEX TSE일본리츠(H)
352540
기타/기타
118
11,760
23,227
-1.09
6.80
2.38
-0.50
2.38
7.88
-0.22
4.11
0.30
삼성자산운용

TIGER AI코리아그로스액티브
365040
시장지수/코스피200
118
13,140
10,265
0.92
4.41
5.25
14.61
5.25
14.96
5.76
-2.22
0.40
미래에셋자산운용

KBSTAR 버크셔포트폴리오TOP10
475350
해외지수/해외지수
118
10,330
288,035
2.02
3.82


4.50




케이비자산운용

VITA MZ소비액티브
422260
테마/기타
118
7,810
33,852
1.17
0.19
-6.35
-12.59
-6.35
-0.32
-22.13

0.60
한국투자밸류자산운용

KODEX 33-06 국고채액티브
457690
채권/국공채권
117
10,355
9,800
-0.29
0.83
-0.86
6.42
-0.86



0.15
삼성자산운용

ACE 글로벌인컴TOP10 SOLACTIVE
460960
해외지수/해외지수
116
10,670
14,712
1.66
3.93
7.90
11.28
7.90



0.24
한국투자신탁운용



KBSTAR 차이나항셍테크
371150
해외지수/해외지수
116
5,075
18,100
1.50
2.32
-4.61
-10.10
-4.61
-15.42
-16.60
-49.33
0.14
케이비자산운용

ACE 미국주식베스트셀러
473590
해외지수/해외지수
115
11,555
279,009
2.30
3.54
16.48

16.48



0.30
한국투자신탁운용

SOL 24-06 국고채액티브
449540
채권/국공채권
115
104,740
591
0.06
0.25
0.81
1.67
0.81
3.26


0.05
신한자산운용

ARIRANG Apple채권혼합Fn
447660
기타/기타
115
10,895
17,968
0.14
-1.58
-1.98
1.25
-1.98
5.16


0.25
한화자산운용

TIGER 유로스탁스레버리지(합성 H)
225050
파생상품/레버리지
113
12,480
1,098
0.81
8.52
23.81
43.61
23.81
39.29
43.94
39.75
0.58
미래에셋자산운용

HANARO CD금리액티브(합성)
471290
채권/단기자금
113
101,400
718
0.07
0.27
0.85

0.85



0.02
엔에이치아문디자산운용

마이다스 KoreaStock액티브
403790
시장지수/코스피200
112
21,350
74
0.42
4.94
5.30
15.19
5.30
18.35
9.07

0.62
마이다스에셋자산운용

KOSEF 물가채KIS
430500
채권/국공채권
112
111,585
304
0.03
0.78
0.59
5.59
0.59
6.03


0.15
키움투자자산운용

KBSTAR KRX300
292050
시장지수/KRX300
111
18,565
2,374
1.34
6.57
6.57
16.54
6.57
22.54
10.03
-0.33
0.05
케이비자산운용

TIGER 코스닥글로벌
461580
시장지수/코스닥
111
12,280
1,809
1.24
8.82
10.68
26.27
10.68



0.15
미래에셋자산운용

FOCUS KRX300
292730
시장지수/KRX300
110
18,335
2,733
0.66
6.17
5.89
17.34
5.89
22.36
10.12
-1.31
0.10
브이아이자산운용

TIGER 한중반도체(합성)
449690
섹터/IT
109
12,850
69
3.63
9.27
8.21
16.55
8.21
15.97


0.35
미래에셋자산운용

ARIRANG KRX300
292750
시장지수/KRX300
108
18,020
84
1.09
6.00
6.44
17.19
6.44
22.74
10.58
-0.77
0.09
한화자산운용

에셋플러스 차이나일등기업포커스10액티브
474920
해외지수/해외지수
108
10,355
21,055
0.58
3.86


4.07



0.99
에셋플러스자산운용

KODEX 미국S&P500경기소비재
453660
해외지수/해외지수
108
13,480
908
1.35
1.93
6.56
15.96
6.56
35.27


0.25
삼성자산운용

KOSEF 미국S&P500(H)
449780
해외지수/해외지수
107
13,445
30,159
0.56
3.90
9.84
21.67
9.84
29.95


0.04
키움투자자산운용

ACE 레버리지
152500
파생상품/레버리지
107
8,190
20,289
1.68
11.35
8.41
30.52
8.41
37.65
2.50
-20.14
0.30
한국투자신탁운용

HANARO 원자력iSelect
434730
테마/기타
106
14,220
24,694
2.16
13.85
27.65
26.01
27.65
43.06


0.45
엔에이치아문디자산운용

KBSTAR 200고배당커버드콜ATM
290080
파생상품/구조화
106
7,570
34,517
-2.25
-3.31
3.21
8.32
3.21
10.41
0.96
18.32
0.40
케이비자산운용

KODEX 미국S&P500필수소비재
453630
해외지수/해외지수
105
10,980
2,914
1.48
4.08
11.89
11.74
11.89
9.64


0.25
삼성자산운용

TREX 펀더멘탈 200
145850
투자전략/투자전략
104
41,730
8
-0.19
3.72
7.73
16.78
7.73
24.65
13.89
12.85
0.34
유리자산운용

SOL 미국나스닥100
476030
해외지수/해외지수
104
10,465
32,742
0.77



4.65




신한자산운용

HANARO 탄소효율그린뉴딜
375760
테마/녹색성장
104
9,475
1,928
1.12
5.98
6.29
16.27
6.29
21.09
9.58
-0.16
0.20
엔에이치아문디자산운용

KODEX 구리선물(H)
138910
상품/금속
104
7,005
10,340
0.50
5.02
2.34
8.77
2.34
-3.25
-19.06
-5.91
0.68
삼성자산운용

KODEX Fn K-뉴딜디지털플러스
368680
테마/기타
104
8,620
1,406
-0.40
3.36
-4.75
6.49
-4.75
-4.65
-10.13
-29.37
0.09
삼성자산운용

KBSTAR 글로벌비만산업TOP2+
476310
해외지수/해외지수
103
10,350
213,070
2.27
4.33


3.66




케이비자산운용

에셋플러스 글로벌대장장이액티브
433220
해외지수/해외지수
102
14,205
3,153
-0.11
4.03
17.93
22.56
17.93
36.26


0.99
에셋플러스자산운용

KBSTAR 중국MSCI China(H)
310080
해외지수/해외지수
102
7,020
5,404
0.14
0.93
-3.24
-6.52
-3.24
-19.40
-25.48
-49.68
0.60
케이비자산운용

SOL 유럽탄소배출권선물S&P(H)
400580
해외지수/해외지수
101
9,225
12,019
5.01
8.91
-21.62
-27.22
-21.62
-32.47
-27.62

0.55
신한자산운용

KBSTAR 국채30년레버리지KAP(합성)
451670
파생상품/레버리지
100
20,030
10,033
-1.84
2.22
-7.93
22.66
-7.93
-2.77


0.10
케이비자산운용



TIGER 미국나스닥넥스트100
429010
해외지수/해외지수
100
12,580
390
1.57
4.31
12.77
18.18
12.77
22.25


0.49
미래에셋자산운용

KODEX 필수소비재
266410
섹터/필수소비재
99
6,210
77,152
0.65
1.39
-6.62
-5.69
-6.62
-13.07
-19.11
-35.35
0.45
삼성자산운용

SOL 자동차TOP3플러스
466930
섹터/경기소비재
99
11,680
18,196
-1.97
-1.64
9.93

9.93



0.45
신한자산운용

KODEX TDF2040액티브
433980
기타/기타
99
12,410
9,157
0.32
3.16
7.03
14.17
7.03
17.94


0.25
삼성자산운용

KODEX 미국S&P500유틸리티
463640
해외지수/해외지수
99
10,410
2,411
4.78
8.78
10.33
9.82
10.33



0.25
삼성자산운용

SOL 국고채30년액티브
474390
채권/국공채권
99
49,175
3,093
-0.37
1.22


-1.33



0.05
신한자산운용

KBSTAR 미국빅데이터Top3채권혼합iSelect
449580
기타/기타
98
12,260
1,875
0.91
-1.29
-1.88
1.91
-1.88
13.78


0.24
케이비자산운용

TREX 200
108590
시장지수/코스피200
96
38,590
107
1.14
5.90
5.60
16.49
5.60
21.24
7.82
-1.14
0.33
유리자산운용

KBSTAR 글로벌수소경제Indxx
417450
해외지수/해외지수
96
7,030
5,674
0.57
3.23
-9.87
-10.67
-9.87
-18.73
-40.65

0.40
케이비자산운용

ACE 미국달러단기채권액티브
440650
해외지수/해외지수
96
10,620
22,020
1.09
1.48
5.62
2.21
5.62
8.15


0.30
한국투자신탁운용

에셋플러스 코리아대장장이액티브
442090
테마/기타
95
11,940
289
1.06
5.80
0.51
1.70
0.51
9.64


0.98
에셋플러스자산운용

TIGER 200 철강소재
139240
섹터/소재
94
8,445
6,525
-2.14
-4.52
-7.15
-8.45
-7.15
0.48
-5.77
1.83
0.40
미래에셋자산운용

ARIRANG 200선물레버리지
253150
파생상품/레버리지
94
37,435
1,190
2.20
11.56
7.62
30.34
7.62
37.25
2.53
-20.26
0.06
한화자산운용

KODEX 미국스마트모빌리티S&P
390400
해외지수/해외지수
93
5,765
4,835
2.31
3.04
-3.90
-0.42
-3.90
0.95
-29.38

0.09
삼성자산운용

ACE 삼성그룹동일가중
131890
그룹주/삼성
93
18,715
831
-0.21
4.85
7.84
13.29
7.84
20.25
18.62
19.86
0.15
한국투자신탁운용

히어로즈 미국성장기업30액티브
459790
해외지수/해외지수
93
12,480
1,846
0.20
3.48
13.61
21.52
13.61



0.76
키움투자자산운용

KODEX 아시아반도체공급망exChina액티브
446690
해외지수/해외지수
93
18,745
6,994
4.43
9.17
27.52
54.47
27.52
75.65


0.50
삼성자산운용

FOCUS AI코리아액티브
448570
시장지수/코스피200
93
13,270
10,689
0.30
5.15
4.53
14.30
4.53
23.88


0.46
브이아이자산운용

KBSTAR KRX300미국달러선물혼합
319870
기타/기타
93
18,585
40
1.89
7.74
12.30
17.59
12.30
29.20
25.32
21.51
0.30
케이비자산운용

ACE 밸류대형
143460
투자전략/투자전략
93
10,320
785
-0.05
4.19
8.18
17.34
8.18
26.30
15.40
12.21
0.15
한국투자신탁운용

TRUSTON 주주가치액티브
472720
시장지수/코스피200
92
11,260
20,149
-1.05
3.92
8.95

8.95



0.79
트러스톤자산운용

KOSEF 200선물레버리지
253250
파생상품/레버리지
92
18,405
13,291
1.71
11.31
7.66
30.21
7.66
36.74
1.74
-21.09
0.46
키움투자자산운용

KBSTAR 미국장기국채선물레버리지(합성 H)
267490
파생상품/레버리지
92
6,305
10,068
1.12
2.52
-7.42
6.96
-7.42
-18.33
-41.02
-46.68
0.50
케이비자산운용

KBSTAR 글로벌클린에너지S&P
399580
해외지수/해외지수
92
7,035
7,674
3.08
3.61
-8.58
-5.89
-8.58
-23.86
-24.15

0.40
케이비자산운용

KODEX KTOP30
229720
테마/우량주
91
18,255
5,294
0.58
5.49
1.11
7.04
1.11
7.66
-0.99
-14.17
0.25
삼성자산운용

KODEX MSCI Korea
156080
시장지수/MSCI Korea Index
91
18,250
141
1.22
7.23
7.29
16.95
7.29
21.23
9.75
-3.51
0.09
삼성자산운용

히어로즈 국고채30년액티브
471460
채권/국공채권
91
56,930
208
-0.69
1.34
-3.06

-3.06



0.04
키움투자자산운용

TIGER KRX300
292160
시장지수/KRX300
91
18,100
89
0.72
6.94
7.87
17.13
7.87
22.88
9.79
-1.29
0.09
미래에셋자산운용

ACE 미국하이일드액티브(H)
455660
해외지수/해외지수
90
10,075
12,562
0.15
1.20
0.85
7.66
0.85



0.24
한국투자신탁운용

TIMEFOLIO 이노베이션액티브
385710
테마/기타
90
8,225
4,559
2.81
6.89
-5.41
-1.38
-5.41
-0.42
-11.23

0.80
타임폴리오자산운용



KOSEF 차이나A50커넥트MSCI
441330
해외지수/해외지수
90
8,120
1,324
2.72
5.73
7.84
-3.39
7.84
-11.58


0.20
키움투자자산운용

ACE 스마트밸류
272230
투자전략/투자전략
90
14,965
152
0.88
6.06
9.27
18.96
9.27
24.32
10.52
2.45
0.19
한국투자신탁운용

HANARO 글로벌반도체TOP10 SOLACTIVE
464060
해외지수/해외지수
90
14,840
14,770
-0.17
8.32
32.34
62.31
32.34



0.45
엔에이치아문디자산운용

KOSEF 미국달러선물인버스
139660
파생상품/인버스
90
8,780
1,323
-0.57
-1.13
-4.31
0.00
-4.31
-3.68
-10.36
-17.01
0.49
키움투자자산운용

KOSEF 코스닥글로벌
467540
시장지수/코스닥
89
12,820
265
1.63
8.69
9.95

9.95



0.07
키움투자자산운용

히어로즈 미국달러SOFR금리액티브(합성)
460270
해외지수/해외지수
89
11,025
452
0.73
1.33
5.76
2.32
5.76



0.05
키움투자자산운용

KODEX 밸류Plus
244670
투자전략/투자전략
89
8,895
89,303
-0.95
-1.60
0.74
7.95
0.74
7.48
-0.92
-4.24
0.30
삼성자산운용

KODEX 테슬라밸류체인FactSet
459560
해외지수/해외지수
89
11,790
10,946
0.77
4.34
7.68
13.85
7.68



0.18
삼성자산운용

HANARO 글로벌금채굴기업
473640
해외지수/해외지수
89
11,010
3,359
6.63
23.22


14.87



0.45
엔에이치아문디자산운용

KBSTAR 헬스케어
253280
섹터/의료
88
14,625
10,361
-0.95
11.47
13.68
33.44
13.68
41.50
16.44
-8.13
0.05
케이비자산운용

KBSTAR 미국S&P배당킹
460660
해외지수/해외지수
87
10,870
5,788
1.83
6.09
8.35
11.95
8.35



0.05
케이비자산운용

KODEX iShares미국인플레이션국채액티브
468370
해외지수/해외지수
85
10,315
10,871
0.05
1.43
3.36

3.36



0.10
삼성자산운용

KODEX 코스닥150롱코스피200숏선물
360150
기타/기타
85
10,565
4,096
-0.70
3.02
5.18
1.88
5.18
8.86
20.33
28.37
0.64
삼성자산운용

KBSTAR TDF2050액티브
442570
기타/기타
85
12,110
6,943
1.13
4.13
9.20
13.98
9.20
22.02


0.18
케이비자산운용

KODEX 미국ETF산업Top10 Indxx
428560
해외지수/해외지수
85
14,090
3,447
0.57
2.40
7.59
20.40
7.59
30.10


0.50
삼성자산운용

VITA 밸류알파액티브
452440
투자전략/투자전략
84
12,000
22,829
2.43
4.99
0.17
5.03
0.17
16.90


0.60
한국투자밸류자산운용

TIGER 한중전기차(합성)
449680
테마/기타
84
8,735
857
-1.24
3.37
0.98
-7.57
0.98
-18.63


0.35
미래에셋자산운용

SOL KEDI메가테크액티브
444200
테마/기타
84
13,970
7,977
2.42
9.23
9.48
17.84
9.48
16.46


0.55
신한자산운용

ACE 원자력테마딥서치
433500
테마/기타
84
13,950
8,679
1.53
9.84
19.38
19.54
19.38
29.54


0.30
한국투자신탁운용

KBSTAR 주식혼합
183710
기타/기타
84
41,845
26
0.78
4.61
3.91
11.22
3.91
15.09
7.21
-1.82
0.25
케이비자산운용

KODEX MSCI밸류
275290
시장지수/MSCI Korea Index
83
11,925
2,536
-0.21
-0.38
2.80
13.95
2.80
15.97
1.26
-2.32
0.30
삼성자산운용

ARIRANG KS로우사이즈가중TR
333950
투자전략/투자전략
83
16,675
1,003
0.54
3.86
3.86
11.24
3.86
12.03
2.02
1.96
0.25
한화자산운용

KBSTAR 유로스탁스50(H)
379790
해외지수/해외지수
83
13,975
3,040
1.64
5.11
13.57
24.39
13.57
25.67
37.48

0.02
케이비자산운용

TIGER 미국달러선물레버리지
261110
파생상품/레버리지
83
13,870
1,836
1.87
3.05
11.14
2.74
11.14
11.90
29.63
47.71
0.05
미래에셋자산운용

에셋플러스 글로벌다이나믹시니어액티브
462340
해외지수/해외지수
83
11,515
1,858
-0.04
1.63
13.50
19.51
13.50



0.99
에셋플러스자산운용

ARIRANG KS모멘텀가중TR
333960
투자전략/투자전략
83
15,120
1,536
1.72
7.08
7.62
13.17
7.62
18.13
1.82
-4.67
0.25
한화자산운용

마이다스 KoreaStock중소형액티브
438740
투자전략/투자전략
83
22,115
44
2.86
5.69
0.57
0.18
0.57
9.92


0.62
마이다스에셋자산운용

ARIRANG KS밸류가중TR
333970
투자전략/투자전략
83
16,605
1,791
-0.45
1.59
6.10
14.87
6.10
15.63
4.37
5.66
0.25
한화자산운용

BNK 미래전략기술액티브
457930
테마/기타
83
11,000
853
0.27
4.46
7.47
14.64
7.47



0.50
비엔케이자산운용

마이티 코스피100
159800
시장지수/코스피100
83
29,595
324
0.83
5.62
6.38
18.66
6.38
23.44
9.69
-2.31
0.39
DB자산운용



KODEX 혁신기술테마액티브
364690
테마/기타
83
13,710
1,409
1.18
6.65
8.81
16.88
8.81
21.10
14.89
7.45
0.30
삼성자산운용

TIGER 로우볼
174350
투자전략/투자전략
83
12,940
3,841
-0.77
1.81
9.43
18.72
9.43
17.67
12.58
23.46
0.40
미래에셋자산운용

TIGER 이머징마켓MSCI레버리지(합성 H)
225060
파생상품/레버리지
82
7,460
1,293
0.67
4.70
2.26
15.39
2.26
4.63
-28.27
-49.20
0.58
미래에셋자산운용

ACE 스마트퀄리티
322120
투자전략/투자전략
82
16,455
72
2.14
6.47
3.00
13.21
3.00
15.44
4.56
-9.89
0.19
한국투자신탁운용

TIMEFOLIO 탄소중립액티브
404120
테마/녹색성장
82
13,575
3,667
-0.88
5.07
1.57
-3.93
1.57
26.93
55.32

0.80
타임폴리오자산운용

에셋플러스 글로벌일등기업포커스10액티브
477490
해외지수/해외지수
82
10,265
19,050
1.03



1.48




에셋플러스자산운용

TIGER S&P글로벌인프라(합성)
269370
해외지수/해외지수
81
12,470
710
2.59
5.59
5.23
9.62
5.23
8.68
9.05
33.28
0.40
미래에셋자산운용

ACE 미국30년국채액티브
476760
해외지수/해외지수
81
10,160
258,682
2.11



1.70




한국투자신탁운용

KODEX Fn멀티팩터
337120
투자전략/투자전략
81
13,470
1,499
0.67
4.22
5.23
13.05
5.23
16.71
4.94
-3.08
0.30
삼성자산운용

ACE 스마트모멘텀
272220
투자전략/투자전략
81
16,140
144
0.37
6.29
9.50
18.85
9.50
20.12
6.67
-3.57
0.19
한국투자신탁운용

KBSTAR 200IT
285000
섹터/IT
80
16,030
6,818
2.46
10.93
7.48
19.54
7.48
18.93
9.82
-1.89
0.05
케이비자산운용

HANARO 미국S&P500
432840
해외지수/해외지수
80
13,270
3,198
1.22
4.08
15.02
22.26
15.02
37.12


0.05
엔에이치아문디자산운용

HANARO KAP초장기국고채
346000
채권/국공채권
79
38,090
1,170
-0.55
1.28
-2.26
9.94
-2.26
1.61
-1.21
-12.43
0.20
엔에이치아문디자산운용

ACE 일본반도체
469160
해외지수/해외지수
79
13,375
15,914
1.21
4.74
22.20

22.20



0.45
한국투자신탁운용

ARIRANG 미국달러SOFR금리액티브(합성)
456200
해외지수/해외지수
79
52,685
408
1.21
1.40
5.81
2.34
5.81



0.09
한화자산운용

ARIRANG 미국테크10레버리지iSelect(합성)
461910
파생상품/레버리지
79
15,825
11,186
-0.44
8.28
35.26
61.40
35.26



0.80
한화자산운용

KODEX 모멘텀Plus
244620
투자전략/투자전략
79
13,065
909
2.47
7.84
7.13
9.79
7.13
27.46
5.64
14.57
0.30
삼성자산운용

KODEX MSCI모멘텀
275280
시장지수/MSCI Korea Index
78
13,090
1,052
1.67
7.52
13.63
14.98
13.63
25.05
15.03
-0.67
0.30
삼성자산운용

TIGER 금은선물(H)
139320
상품/금속
78
10,410
2,404
2.01
9.23
4.83
11.46
4.83
6.12
2.66
12.00
0.69
미래에셋자산운용

KBSTAR 글로벌데이터센터리츠나스닥(합성)
375270
해외지수/해외지수
78
11,155
2,729
1.18
1.46
2.15
16.32
2.15
13.02
-7.62
5.34
0.40
케이비자산운용

HANARO 글로벌워터MSCI(합성)
424460
해외지수/해외지수
78
13,010
353
0.89
5.34
12.11
23.67
12.11
32.62


0.50
엔에이치아문디자산운용

WOORI AI ESG액티브
413930
테마/SRI
78
9,745
4,031
1.25
6.21
6.04
15.19
6.04
20.01
7.38

0.31
우리자산운용

KBSTAR KQ고배당
270800
스타일/스타일
78
12,930
962
0.19
2.99
2.62
8.70
2.62
2.29
-13.36
-11.93
0.30
케이비자산운용

TIGER KTOP30
228820
테마/우량주
78
9,145
2,707
0.44
5.42
1.16
6.85
1.16
7.37
-1.10
-14.20
0.25
미래에셋자산운용

KODEX 한중반도체(합성)
450190
섹터/IT
78
12,995
213
3.59
8.47
8.20
16.55
8.20
17.34


0.25
삼성자산운용

ARIRANG KS로우볼가중TR
333940
투자전략/투자전략
78
14,130
1,023
0.18
2.76
5.68
16.06
5.68
18.79
7.37
4.55
0.25
한화자산운용

KBSTAR 글로벌주식분산액티브
459750
해외지수/해외지수
77
11,960
7,386
1.23
4.82
12.04
17.77
12.04



0.20
케이비자산운용

KBSTAR 국채선물3년
432600
채권/국공채권
77
53,040
24
0.11
0.28
0.14
2.83
0.14
2.37


0.07
케이비자산운용

파워 고배당저변동성
192720
스타일/스타일
77
32,195
867
-1.89
-1.08
6.89
16.34
6.89
20.39
10.19
22.01
0.23
교보악사자산운용

KODEX 미국채울트라30년선물인버스(H)
304670
파생상품/인버스
77
11,100
4,709
-0.58
-0.85
6.99
-5.13
6.99
11.56
36.53
39.18
0.30
삼성자산운용



KBSTAR 글로벌메타버스Moorgate
411720
해외지수/해외지수
77
12,880
2,635
-0.39
7.07
23.31
44.80
23.31
59.60
38.87

0.50
케이비자산운용

ACE 골드선물 레버리지(합성 H)
225130
파생상품/레버리지
77
19,140
5,199
3.07
16.49
8.17
25.06
8.17
9.28
1.27
19.70
0.49
한국투자신탁운용

KBSTAR V&S셀렉트밸류
234310
투자전략/투자전략
77
15,320
377
0.72
6.02
6.06
11.42
6.06
15.43
7.73
6.44
0.30
케이비자산운용

WOORI 200
448100
시장지수/코스피200
77
38,250
567
0.90
5.98
5.40
15.99
5.40
21.40


0.05
우리자산운용

ARIRANG KS퀄리티가중TR
333980
투자전략/투자전략
76
15,320
951
1.83
5.15
4.36
13.69
4.36
18.35
4.64
-1.83
0.25
한화자산운용

HANARO Fn5G산업
367740
섹터/IT
76
13,905
3,615
6.23
10.89
12.28
19.22
12.28
24.39
8.93
17.74
0.45
엔에이치아문디자산운용

SOL KRX기후변화솔루션
404650
테마/녹색성장
76
12,645
552
0.08
4.55
1.29
6.06
1.29
11.71
43.48

0.15
신한자산운용

ACE Fn5G플러스
380340
섹터/IT
75
10,775
2,263
6.79
9.89
4.21
21.14
4.21
50.72
26.04

0.35
한국투자신탁운용

TIGER 200동일가중
252000
시장지수/코스피200
75
11,570
11,568
-0.90
1.45
2.07
9.15
2.07
10.59
-2.86
-3.60
0.25
미래에셋자산운용

KBSTAR 글로벌원자력iSelect
442320
해외지수/해외지수
75
15,130
9,317
0.73
8.26
16.38
18.20
16.38
63.30


0.40
케이비자산운용

KOSEF 코스피100
153270
시장지수/코스피100
75
28,800
594
0.91
5.98
5.88
16.70
5.88
21.53
8.23
-4.20
0.20
키움자산운용

KODEX 미국클린에너지나스닥
419420
해외지수/해외지수
75
6,330
10,649
5.59
3.35
-14.80
-17.36
-14.80
-25.31
-39.42

0.45
삼성자산운용

TIMEFOLIO K컬처액티브
410870
테마/기타
75
8,260
6,793
5.29
5.97
-4.73
-9.83
-4.73
16.26
-4.34

0.80
타임폴리오자산운용

TIGER 우량가치
227570
테마/우량주
74
11,720
6,815
-2.17
-2.21
2.90
7.97
2.90
10.91
5.01
8.25
0.40
미래에셋자산운용

ARIRANG S&P글로벌인프라
269530
해외지수/해외지수
74
14,710
257
1.73
6.94
6.02
10.10
6.02
9.41
14.04
38.53
0.30
한화자산운용

TIGER 미국S&P500선물인버스(H)
225030
파생상품/인버스
73
3,165
95,182
-0.63
-3.80
-8.26
-16.93
-8.26
-21.07
-12.08
-26.05
0.59
미래에셋자산운용

TIGER 경기방어채권혼합
237440
기타/기타
73
9,140
2,063
0.00
0.66
0.16
5.58
0.16
4.56
1.62
-5.78
0.20
미래에셋자산운용

TIGER 모멘텀
147970
투자전략/투자전략
73
26,070
550
2.60
5.76
4.59
6.91
4.59
22.81
8.33
20.81
0.29
미래에셋자산운용

HANARO 고배당
322410
스타일/스타일
73
13,265
7,479
-2.64
1.07
12.22
16.90
12.22
25.35
24.09
52.56
0.25
엔에이치아문디자산운용

ACE 베트남VN30선물블룸버그레버리지(H)
371130
파생상품/레버리지
73
11,850
5,688
1.02
3.13
25.46
16.06
25.46
35.58
-42.25
-8.85
0.70
한국투자신탁운용

ARIRANG 코스피
227830
시장지수/코스피200
72
28,940
769
0.54
4.59
4.19
13.47
4.19
15.12
4.56
-2.58
0.20
한화자산운용

ARIRANG 글로벌MSCI(합성 H)
189400
해외지수/해외지수
72
18,410
575
0.03
3.89
6.85
19.90
6.85
23.10
6.35
13.26
0.40
한화자산운용

ARIRANG 글로벌수소&차세대연료전지MV
419650
해외지수/해외지수
72
4,115
13,462
2.11
0.73
-19.00
-20.48
-19.00
-42.85
-64.90

0.50
한화자산운용

ACE 코스피
305050
시장지수/코스피200
72
28,665
1,744
0.28
3.82
4.37
13.30
4.37
15.49
5.28
-2.96
0.02
한국투자신탁운용

KOSEF Fn중소형
331910
스타일/스타일
71
20,990
904
-0.80
-0.62
-1.22
2.64
-1.22
3.17
-10.95
-10.82
0.30
키움투자자산운용

SOL 유럽탄소배출권선물인버스ICE(H)
459370
파생상품/인버스
71
14,235
3,684
-4.91
-8.19
22.87
30.48
22.87



0.55
신한자산운용

ACE 일본TOPIX인버스(합성 H)
205720
파생상품/인버스
71
2,620
66,697
1.35
-3.85
-15.07
-16.16
-15.07
-31.86
-36.10
-40.11
0.50
한국투자신탁운용

HANARO KRX300
304760
시장지수/KRX300
71
17,740
79
1.57
6.13
6.24
16.95
6.24
22.56
9.85
-0.76
0.05
엔에이치아문디자산운용

ARIRANG 고배당저변동50
251590
투자전략/투자전략
71
12,860
4,297
-0.77
1.14
8.29
17.60
8.29
20.99
18.33
36.42
0.23
한화자산운용

KOSEF 미국원유에너지기업
474800
해외지수/해외지수
70
11,775
43,311
3.11
13.71


17.28



0.29
키움투자자산운용



KOSEF SK그룹대표주
450120
그룹주/기타
70
12,770
2,889
-0.08
5.98
8.50
20.18
8.50
29.49


0.14
키움투자자산운용

히어로즈 TDF2050액티브
435550
기타/기타
70
12,735
1,482
0.99
4.21
10.69
17.43
10.69
24.98


0.38
키움투자자산운용

KOSEF Fn유전자혁신기술
460280
섹터/의료
70
9,315
3,820
-1.43
0.98
-4.31
-5.96
-4.31



0.40
키움투자자산운용

ARIRANG 글로벌D램반도체iSelect
442580
해외지수/해외지수
70
20,035
5,607
6.51
18.69
27.73
53.88
27.73
80.82


0.50
한화자산운용

ACE 스마트하이베타
322150
투자전략/투자전략
70
13,935
152
1.42
7.11
4.42
14.46
4.42
16.62
6.20
-3.15
0.19
한국투자신탁운용

UNICORN 포스트IPO액티브
476000
투자전략/투자전략
70
9,900
9,700
-2.37
0.41


-1.20




현대자산운용

KBSTAR 200건설
287300
섹터/산업재
70
13,410
620
-0.59
-1.29
2.72
6.56
2.72
12.17
8.79
17.83
0.05
케이비자산운용

FOCUS 혁신기업액티브
402520
테마/기타
70
8,715
37
1.87
7.06
5.83
9.97
5.83
12.00
-0.18

0.66
브이아이자산운용

HANARO KRX기후변화솔루션
404470
테마/녹색성장
69
12,595
129
0.28
5.35
1.30
6.18
1.30
11.68
43.32

0.25
엔에이치아문디자산운용

TIGER 의료기기
307510
섹터/의료
69
15,270
5,370
0.33
7.12
-2.96
-6.95
-2.96
7.08
-12.06
-14.90
0.50
미래에셋자산운용

TIGER 200커버드콜5%OTM
166400
파생상품/구조화
68
13,660
1,948
0.92
5.72
7.68
17.98
7.68
21.75
5.41
-3.00
0.38
미래에셋자산운용

KOSEF 블루칩
104520
테마/우량주
68
8,510
666
-0.82
0.77
5.45
13.70
5.45
9.21
-5.37
-11.26
0.40
키움투자자산운용

ACE 스마트로우볼
322130
투자전략/투자전략
68
17,005
738
0.98
5.46
8.76
18.54
8.76
23.50
12.66
4.51
0.19
한국투자신탁운용

BNK 2차전지양극재
466810
테마/기타
68
9,035
13,888
-1.74
2.09
-7.38

-7.38



0.40
비엔케이자산운용

KODEX 최소변동성
279540
투자전략/투자전략
68
11,255
813
0.76
4.21
6.48
11.88
6.48
5.36
-0.76
-1.68
0.30
삼성자산운용

HANARO 미국메타버스iSelect
419170
해외지수/해외지수
67
13,400
414
-0.22
2.41
6.85
30.03
6.85
51.43
27.56

0.49
엔에이치아문디자산운용

TIGER MSCI KOREA ESG유니버설
289250
시장지수/MSCI Korea Index
67
11,190
54
0.27
5.22
6.42
15.80
6.42
19.68
5.20
-6.45
0.40
미래에셋자산운용

TIGER 증권
157500
섹터/금융
67
5,225
23,534
-4.13
-3.15
18.48
31.12
18.48
48.73
22.94
28.32
0.40
미래에셋자산운용

KODEX 200동일가중
252650
시장지수/코스피200
67
11,160
7,666
-0.71
1.59
2.06
10.17
2.06
10.43
-1.99
-2.58
0.25
삼성자산운용

TIGER 코스닥150IT
261060
시장지수/코스닥
66
17,480
1,460
4.23
9.46
3.92
18.07
3.92
17.84
4.19
9.75
0.40
미래에셋자산운용

에셋플러스 글로벌영에이지액티브
451150
해외지수/해외지수
66
13,170
1,825
-1.53
2.57
13.00
17.64
13.00
25.19


0.99
에셋플러스자산운용

HANARO Fn K-메타버스MZ
402460
섹터/IT
65
7,260
1,323
3.71
2.54
-1.29
2.19
-1.29
-1.41
-31.30

0.45
엔에이치아문디자산운용

KODEX 국채선물10년인버스
176950
파생상품/인버스
65
54,400
86
0.37
-0.36
2.71
-3.43
2.71
4.06
7.67
15.78
0.07
삼성자산운용

KBSTAR 200중공업
285010
섹터/산업재
65
12,085
4,895
-1.87
11.28
10.26
9.56
10.26
35.12
25.44
22.73
0.19
케이비자산운용

KODEX 국채선물3년인버스
292770
채권/국공채권
65
54,220
1
0.09
0.21
1.49
0.24
1.49
3.75
5.59
9.12
0.07
삼성자산운용

KBSTAR KRX300레버리지
307010
파생상품/레버리지
65
16,260
1,642
1.37
12.18
7.40
27.63
7.40
36.07
3.86
-18.82
0.55
케이비자산운용

WOORI 미국S&P우주항공&디펜스
440910
해외지수/해외지수
65
13,100
3,875
2.34
4.84
9.08
28.62
9.08
29.19


0.35
우리자산운용

KBSTAR 200산업재
287320
섹터/산업재
65
12,490
626
-0.95
-1.61
-0.40
9.23
-0.40
8.14
8.18
10.42
0.19
케이비자산운용

SOL 한국형글로벌플랫폼&메타버스액티브
429990
해외지수/해외지수
65
12,945
2,914
0.08
2.49
13.45
21.49
13.45
31.89


0.55
신한자산운용

ARIRANG K리츠Fn
429740
기타/기타
64
7,175
15,650
0.56
4.87
7.13
8.19
7.13
8.48


0.25
한화자산운용



KODEX 콩선물(H)
138920
상품/농산물
64
12,890
840
-0.88
4.88
-9.54
-11.53
-9.54
-8.84
-10.89
11.99
0.68
삼성자산운용

KOSEF 200선물인버스2X
253230
파생상품/인버스
64
2,010
84,319
-1.71
-10.67
-8.22
-26.64
-8.22
-30.93
-17.96
-4.96
0.46
키움투자자산운용

KBSTAR 글로벌농업경제MV
437370
해외지수/해외지수
64
9,160
742
1.89
5.23
4.27
-1.61
4.27
-5.95


0.40
케이비자산운용

KODEX 200 중소형
226980
스타일/스타일
64
12,760
7,518
-0.08
3.91
2.53
8.78
2.53
11.48
-1.41
1.01
0.30
삼성자산운용

KODEX 한중전기차(합성)
450180
테마/기타
63
8,860
1,204
-2.80
1.84
0.91
-8.33
0.91
-19.67


0.25
삼성자산운용

KBSTAR 미국달러선물인버스
469530
파생상품/인버스
63
9,730
323
-0.36
-1.02
-4.00

-4.00



0.05
케이비자산운용

SOL 차이나육성산업액티브(합성)
415760
해외지수/해외지수
63
5,620
2,427
-4.50
-5.47
-8.77
-13.27
-8.77
-28.04
-33.49

0.55
신한자산운용

히어로즈 TDF2040액티브
435540
기타/기타
63
12,530
1,278
0.28
3.30
9.43
16.02
9.43
22.78


0.34
키움투자자산운용

KBSTAR KRX기후변화솔루션
403990
테마/녹색성장
63
12,585
139
0.08
4.53
1.99
5.89
1.99
11.72
42.98

0.30
케이비자산운용

ARIRANG 200선물인버스2X
253160
파생상품/인버스
63
4,055
15,735
-1.34
-10.88
-8.88
-26.67
-8.88
-31.04
-18.16
-5.15
0.06
한화자산운용

ARIRANG K-유니콘투자기업액티브
436180
테마/기타
62
11,290
146
-1.40
-1.01
3.25
19.03
3.25
19.67


0.45
한화자산운용

TIGER 200 경기소비재
139290
섹터/경기소비재
62
17,200
2,781
-1.85
-3.53
8.38
14.50
8.38
17.42
15.06
-1.23
0.40
미래에셋자산운용

KOSEF 미국방어배당성장나스닥
373790
해외지수/해외지수
62
13,950
5,283
2.31
4.26
10.07
8.79
10.07
10.61
7.64
35.06
0.40
키움투자자산운용

HANARO Fn K-푸드
438900
섹터/필수소비재
62
8,830
5,165
1.32
1.44
-8.21
-5.76
-8.21
-6.20


0.45
엔에이치아문디자산운용

ARIRANG 국채선물3년
298340
채권/국공채권
61
54,415
961
0.05
0.30
0.17
2.87
0.17
2.44
3.89
1.68
0.10
한화자산운용

KOSEF 글로벌디지털경제
394340
해외지수/해외지수
61
10,005
2,009
0.00
2.72
10.43
21.27
10.43
32.60
13.76

0.31
키움투자자산운용

ACE 싱가포르리츠
316300
해외지수/해외지수
60
12,035
4,889
1.91
1.22
-5.16
1.13
-5.16
-2.27
-5.90
3.22
0.40
한국투자신탁운용

ARIRANG 태양광&ESS Fn
457990
테마/녹색성장
60
8,600
3,644
1.90
15.67
1.96
5.20
1.96



0.45
한화자산운용

히어로즈 TDF2030액티브
435530
기타/기타
60
11,970
514
1.27
3.37
7.84
13.14
7.84
18.28


0.30
키움투자자산운용

KBSTAR TDF2040액티브
442560
기타/기타
60
11,965
2,952
1.31
4.18
8.33
13.09
8.33
19.65


0.18
케이비자산운용

KBSTAR 200금융
284980
섹터/금융
60
10,650
11,426
-5.71
1.87
20.95
27.85
20.95
40.17
19.58
36.84
0.19
케이비자산운용

ARIRANG 국채선물10년
289670
채권/국공채권
59
52,940
2,535
-0.26
0.83
-1.22
5.92
-1.22
0.64
0.69
-6.16
0.05
한화자산운용

KBSTAR 200커뮤니케이션서비스
315480
시장지수/코스피200
59
11,425
142
1.92
0.22
0.31
11.68
0.31
1.95
-30.14
-34.70
0.19
케이비자산운용

ARIRANG 신흥국MSCI인버스(합성 H)
373530
파생상품/인버스
59
11,340
134
-0.22
-2.20
-2.41
-6.86
-2.41
-2.03
13.06
21.87
0.50
한화자산운용

ARIRANG 주도업종
280920
투자전략/투자전략
59
10,765
233
0.89
6.48
14.22
23.03
14.22
26.36
14.12
-3.43
0.23
한화자산운용

TIGER 코스피중형주
277650
스타일/스타일
59
14,770
592
-0.37
2.11
3.90
8.41
3.90
5.80
-5.25
-3.36
0.29
미래에셋자산운용

KBSTAR 우량업종대표주
140580
테마/우량주
59
11,810
320
-0.34
0.64
8.30
15.11
8.30
14.21
1.79
4.62
0.40
케이비자산운용

SOL 한국형글로벌전기차&2차전지액티브
429980
해외지수/해외지수
58
10,820
1,378
0.70
5.51
3.54
4.69
3.54
9.97


0.55
신한자산운용

KODEX K-이노베이션액티브
373490
투자전략/투자전략
58
11,660
1,420
6.48
18.32
8.87
15.90
8.87
15.39
10.05
6.23
0.50
삼성자산운용

KBSTAR TDF2030액티브
442550
기타/기타
58
11,665
3,713
1.04
3.83
6.48
11.52
6.48
16.07


0.18
케이비자산운용



ACE Fn성장소비주도주
226380
투자전략/투자전략
58
5,825
717
1.66
0.95
-2.75
-0.09
-2.75
-6.50
-20.59
-22.26
0.50
한국투자신탁운용

TIGER 200커뮤니케이션서비스
315270
시장지수/코스피200
58
18,190
2,700
1.76
0.94
-0.66
11.71
-0.66
2.08
-30.13
-35.11
0.40
미래에셋자산운용

HANARO 농업융복합산업
314700
테마/기타
58
10,555
623
-0.52
0.48
-5.93
-2.13
-5.93
-6.45
-7.74
-9.19
0.50
엔에이치아문디자산운용

TIGER 차이나항셍25
117690
해외지수/해외지수
58
13,015
4,599
2.20
4.45
8.46
-2.61
8.46
-6.05
-2.60
-21.22
0.49
미래에셋자산운용

ACE 중국본토CSI300레버리지(합성)
219900
파생상품/레버리지
57
2,465
27,382
0.00
3.14
9.56
-11.81
9.56
-30.86
-42.54
-54.44
0.50
한국투자신탁운용

KODEX MSCI퀄리티
275300
시장지수/MSCI Korea Index
57
9,500
1,001
2.37
5.03
4.22
21.33
4.22
21.08
6.31
-9.15
0.30
삼성자산운용

ACE 필리핀MSCI(합성)
261920
해외지수/해외지수
57
14,275
210
0.39
0.88
10.79
11.26
10.79
4.81
-2.53
8.60
0.50
한국투자신탁운용

KBSTAR 200경기소비재
287310
섹터/경기소비재
56
10,875
3,158
-1.76
-3.07
8.16
14.35
8.16
17.71
15.36
0.65
0.19
케이비자산운용

KODEX MSCI EM선물(H)
291890
해외지수/해외지수
56
8,105
3,470
0.75
3.05
2.86
8.87
2.86
4.99
-10.93
-21.99
0.45
삼성자산운용

KBSTAR 중소형고배당
281990
스타일/스타일
56
11,285
1,783
-0.83
-1.05
-1.35
2.31
-1.35
6.19
-4.24
6.43
0.30
케이비자산운용

HANARO 유로존국채25년플러스(합성 H)
456100
해외지수/해외지수
56
51,975
616
1.52
3.03
-5.77
16.12
-5.77



0.20
엔에이치아문디자산운용

히어로즈 글로벌리츠이지스액티브
437550
해외지수/해외지수
56
10,025
3,303
1.11
3.62
3.56
13.53
3.56
19.70


0.73
키움투자자산운용

HANARO 글로벌백신치료제MSCI
432850
해외지수/해외지수
56
11,125
476
3.20
3.78
11.89
8.10
11.89
11.02


0.50
엔에이치아문디자산운용

TIGER 라틴35
105010
해외지수/해외지수
56
4,645
5,804
2.20
1.42
0.54
14.04
0.54
28.46
25.81
77.63
0.49
미래에셋자산운용

KOSEF 코스닥150선물레버리지
291630
파생상품/레버리지
54
6,530
23,668
0.62
18.62
18.51
27.66
18.51
42.58
16.40
2.92
0.09
키움투자자산운용

FOCUS ESG리더스
285690
테마/SRI
54
10,745
1,747
-1.42
1.99
2.09
7.50
2.09
12.25
1.09
1.37
0.10
브이아이자산운용

MASTER 테크미디어텔레콤액티브
407160
테마/기타
54
9,720
1,077
5.65
9.77
7.94
19.70
7.94
20.75
1.57

0.45
케이씨지아이자산운용

KBSTAR 팔라듐선물(H)
334690
상품/금속
53
5,355
8,393
2.59
9.29
-12.29
-20.31
-12.29
-30.77
-58.87
-65.32
0.60
케이비자산운용

HANARO 단기채권액티브
390950
채권/단기자금
53
106,165
168
0.02
0.22
0.82
1.68
0.82
3.34
5.59

0.10
엔에이치아문디자산운용

HANARO Fn친환경에너지
381570
테마/녹색성장
53
8,770
6,639
-1.96
-2.99
3.79
7.61
3.79
-6.95
-9.87

0.45
엔에이치아문디자산운용

ARIRANG 미국테크10iSelect
461900
해외지수/해외지수
52
12,950
2,747
0.74
5.37
17.78
29.89
17.78



0.50
한화자산운용

KOSEF 차이나A50커넥트인버스MSCI(합성 H)
445950
해외지수/해외지수
52
10,260
112
0.64
-3.89
-7.36
1.74
-7.36
10.92


0.35
키움투자자산운용

KoAct 글로벌기후테크인프라액티브
475070
해외지수/해외지수
51
11,190
55,417
2.01
9.44


18.41



0.50
삼성액티브자산운용

KBSTAR Fn창업투자회사
427110
테마/기타
51
7,700
9,556
-0.45
-6.10
7.77
42.72
7.77
14.84


0.45
케이비자산운용

ARIRANG 200동일가중
295820
시장지수/코스피200
51
10,205
212
-1.11
1.24
1.44
9.91
1.44
10.44
-2.19
-2.83
0.23
한화자산운용

KODEX 경기소비재
266390
섹터/경기소비재
50
8,430
2,412
-0.94
-1.00
-1.63
-2.60
-1.63
-10.48
-22.75
-28.22
0.45
삼성자산운용

ACE 차이나항셍테크
371870
해외지수/해외지수
50
5,045
11,776
1.51
2.44
-4.99
-9.99
-4.99
-15.28
-16.82
-49.27
0.25
한국투자신탁운용

HANARO 반도체핵심공정주도주
476260
섹터/IT
50
11,175
17,392
3.04
6.23


9.34




엔에이치아문디자산운용

HK 베스트일레븐액티브
391670
시장지수/코스피200
50
9,920
888
3.01
6.72
10.78
22.02
10.78
31.39
14.48

0.30
흥국자산운용

히어로즈 리츠이지스액티브
429870
기타/기타
49
7,500
2,117
1.15
5.04
7.54
10.20
7.54
11.84


0.52
키움투자자산운용



UNICORN R&D 액티브
433250
시장지수/코스피200
49
12,110
221
1.00
5.67
1.94
11.92
1.94
16.33


0.36
현대자산운용

HK 하이볼액티브
391680
시장지수/코스피200
49
8,800
200
1.03
5.71
3.65
14.14
3.65
14.81
3.77

0.30
흥국자산운용

KODEX 멀티에셋하이인컴(H)
321410
해외지수/해외지수
48
9,635
128
0.36
1.58
-0.31
6.64
-0.31
7.06
-6.27
-7.09
0.25
삼성자산운용

KODEX 차이나메타버스액티브
428510
해외지수/해외지수
48
9,495
586
-1.25
2.82
0.28
4.17
0.28
-6.97


0.50
삼성자산운용

KBSTAR 200에너지화학
284990
섹터/소재
47
9,130
1,180
-1.35
0.61
-6.07
-0.92
-6.07
-12.42
-16.36
-26.22
0.19
케이비자산운용

SOL 차이나태양광CSI(합성)
413220
해외지수/해외지수
46
4,600
4,955
-1.92
0.88
-4.86
-18.22
-4.86
-40.10
-46.91

0.50
신한자산운용

ARIRANG 코스닥150
301400
시장지수/코스닥
46
15,480
22,100
0.42
8.63
9.44
15.09
9.44
23.79
18.29
9.05
0.15
한화자산운용

KBSTAR 수출주
140570
스타일/스타일
46
11,515
199
0.79
3.97
3.23
5.55
3.23
9.38
-0.52
-5.09
0.40
케이비자산운용

KOSEF 차이나내수소비TOP CSI
454180
해외지수/해외지수
45
8,170
825
2.51
5.22
8.93
-3.74
8.93



0.42
키움투자자산운용

ACE 중국과창판STAR50
416090
해외지수/해외지수
45
5,610
3,283
-2.86
-3.44
-8.63
-12.62
-8.63
-29.35
-33.61

0.50
한국투자신탁운용

ACE 미국빅테크TOP7 Plus인버스(합성)
465620
파생상품/인버스
45
15,075
2,391
0.07
-4.86
-19.08
-27.75
-19.08



0.60
한국투자신탁운용

KODEX 골드선물인버스(H)
280940
파생상품/인버스
45
6,520
4,685
-0.08
-5.71
-2.90
-10.32
-2.90
-2.69
-2.03
-13.36
0.45
삼성자산운용

ARIRANG 글로벌인공지능산업MV
438210
해외지수/해외지수
45
12,820
6,205
-0.62
1.75
11.82
27.63
11.82
38.52


0.50
한화자산운용

KBSTAR 200철강소재
285020
섹터/소재
45
8,645
1,496
-2.21
-3.78
-7.04
-8.62
-7.04
4.78
-1.29
7.74
0.19
케이비자산운용

HANARO 코스닥150선물레버리지
306530
파생상품/레버리지
45
13,145
3,069
0.57
18.42
18.32
27.07
18.32
43.11
16.64
2.70
0.45
엔에이치아문디자산운용

KOSEF 미국ETF산업STOXX
426330
해외지수/해외지수
44
12,545
674
1.09
3.85
7.77
20.68
7.77
29.72


0.52
키움투자자산운용

KODEX 퀄리티Plus
244660
투자전략/투자전략
44
8,740
1,270
0.06
0.75
-0.63
6.00
-0.63
8.63
-9.79
-15.82
0.30
삼성자산운용

ARIRANG 스마트베타Quality채권혼합
238670
기타/기타
43
10,850
527
-0.18
0.51
-0.46
3.24
-0.46
2.60
1.97
-1.38
0.20
한화자산운용

TIGER 200 산업재
227550
섹터/산업재
43
6,530
5,881
-1.28
-1.51
-2.25
7.31
-2.25
5.78
2.61
0.99
0.40
미래에셋자산운용

HANARO K-메디테크
473380
섹터/의료
43
8,535
2,856
-1.33
-0.64
-18.75

-18.75



0.45
엔에이치아문디자산운용

HANARO 200선물인버스
306520
파생상품/인버스
43
9,445
728
-1.00
-5.50
-4.21
-13.35
-4.21
-15.10
-4.64
3.73
0.45
엔에이치아문디자산운용

KOSEF 독일DAX
411860
해외지수/해외지수
42
12,060
2,046
1.52
5.10
10.59
21.82
10.59
21.86
32.38

0.25
키움투자자산운용

KBSTAR Fn플랫폼테마
427120
테마/기타
40
6,930
7,347
0.51
-3.82
-1.28
8.62
-1.28
-5.07


0.45
케이비자산운용

HANARO 글로벌신재생에너지MSCI(합성)
448510
해외지수/해외지수
40
7,120
795
1.06
5.87
-4.37
-4.75
-4.37
-22.10


0.50
엔에이치아문디자산운용

HANARO Fn골프테마
407300
테마/기타
39
6,030
543
-1.47
-1.79
-2.98
-1.07
-2.98
-5.02
-29.88

0.45
엔에이치아문디자산운용

KOSEF 차이나A50커넥트레버리지MSCI(합성H)
445930
해외지수/해외지수
39
7,470
4,765
3.46
10.01
6.56
-12.63
6.56
-27.48


0.35
키움투자자산운용

HK S&P코리아로우볼
215620
투자전략/투자전략
39
12,925
43
-1.22
0.00
5.47
11.66
5.47
11.24
8.04
21.19
0.40
흥국자산운용

ARIRANG 심천차이넥스트(합성)
256450
해외지수/해외지수
38
7,670
568
-1.22
2.27
-1.10
-10.08
-1.10
-25.39
-35.46
-34.36
0.50
한화자산운용

TIGER 200에너지화학레버리지
243890
파생상품/레버리지
38
7,600
6,830
-3.31
1.40
-14.12
-7.32
-14.12
-31.84
-46.70
-61.71
0.69
미래에셋자산운용

KBSTAR 코스닥150선물인버스
275750
파생상품/인버스
37
3,330
29,620
-0.45
-8.64
-9.26
-17.78
-9.26
-26.89
-28.85
-30.98
0.60
케이비자산운용



KBSTAR 국채선물10년
295000
채권/국공채권
37
52,215
434
0.00
0.70
-1.33
5.98
-1.33
0.98
0.73
-6.06
0.07
케이비자산운용

KOSEF K-테크TOP10
469790
섹터/IT
35
11,805
40,536
4.01
6.69
2.52

2.52



0.39
키움투자자산운용

MASTER 스마트커머스액티브
407170
테마/기타
35
7,045
848
3.15
2.77
-3.69
-0.07
-3.69
-6.94
-24.93

0.45
케이씨지아이자산운용

TIGER 코스피대형주
277640
스타일/스타일
35
14,005
1,090
0.61
5.38
5.62
14.11
5.62
16.94
6.79
-3.38
0.29
미래에셋자산운용

TIGER 방송통신
098560
섹터/통신서비스
34
7,445
4,835
-1.72
0.07
0.54
5.41
0.54
1.83
-15.61
-5.36
0.46
미래에셋자산운용

TIGER 금속선물(H)
139310
상품/금속
34
5,650
1,219
0.27
4.34
-0.88
1.53
-0.88
-10.46
-35.61
-9.67
0.69
미래에셋자산운용

HANARO 미국애그테크
472490
해외지수/해외지수
34
11,200
853
2.85
11.06
7.13

7.13



0.40
엔에이치아문디자산운용

TIGER 200 생활소비재
227560
섹터/필수소비재
33
7,970
2,371
0.13
0.25
-0.25
2.46
-0.25
-4.99
-13.01
-29.14
0.40
미래에셋자산운용

KBSTAR 국채선물5년추종
397420
채권/국공채권
33
49,505
47
0.02
0.41
-0.27
3.79
-0.27
1.94
3.25

0.07
케이비자산운용

SOL 차이나강소기업CSI500(합성 H)
220130
해외지수/해외지수
33
4,070
1,969
-3.55
-1.21
-4.35
-7.29
-4.35
-20.12
-25.39
-21.96
0.60
신한자산운용

KOSEF 200선물인버스
253240
파생상품/인버스
32
5,280
4,363
-0.85
-5.63
-4.09
-13.37
-4.09
-15.25
-4.86
3.13
0.46
키움투자자산운용

KOSEF 코스닥150선물인버스
291620
파생상품/인버스
31
5,815
10,956
-0.60
-8.35
-9.00
-17.34
-9.00
-26.30
-27.90
-29.90
0.09
키움투자자산운용

KBSTAR 200생활소비재
287330
섹터/필수소비재
31
6,055
2,564
0.50
0.17
-0.57
1.94
-0.57
-5.21
-12.85
-28.71
0.19
케이비자산운용

ARIRANG ESG성장주액티브
395760
테마/SRI
31
8,920
38,845
1.25
6.70
3.78
13.34
3.78
17.37
2.47

0.11
한화자산운용

KBSTAR 미국장기국채선물인버스2X(합성 H)
267500
파생상품/인버스
30
9,945
516
-1.83
-2.74
7.11
-10.65
7.11
15.37
42.58
45.29
0.50
케이비자산운용

ARIRANG TDF2060액티브
433880
기타/기타
30
12,905
2,071
1.06
4.41
10.77
17.53
10.77
25.72


0.20
한화자산운용

ARIRANG 중형주저변동50
266550
투자전략/투자전략
28
11,410
299
-0.17
2.29
1.74
6.19
1.74
9.99
3.66
5.86
0.23
한화자산운용

ACE 미국스팩&IPO INDXX
391590
해외지수/해외지수
28
5,700
500
5.65
4.01
5.56
6.54
5.56
6.24
-29.89

0.70
한국투자신탁운용

ARIRANG 코스닥150선물인버스
301410
파생상품/인버스
28
5,035
7,248
-1.27
-7.95
-9.20
-17.19
-9.20
-26.39
-28.53
-30.36
0.29
한화자산운용

KOSEF 글로벌전력반도체
473500
해외지수/해외지수
27
9,100
53,499
0.05
-0.98
-11.56

-11.56



0.40
키움투자자산운용

KBSTAR 차이나H선물인버스(H)
291680
파생상품/인버스
27
13,265
1,923
-2.57
-3.98
-3.63
0.72
-3.63
9.22
7.06
39.93
0.59
케이비자산운용

ACE 인버스
145670
파생상품/인버스
25
5,080
6,910
-0.68
-5.40
-3.88
-13.01
-3.88
-14.48
-3.70
5.28
0.15
한국투자신탁운용

ARIRANG 미국대체투자Top10MV
426410
해외지수/해외지수
25
16,630
755
1.56
5.65
17.36
24.62
17.36
58.46


0.50
한화자산운용

KBSTAR 모멘텀밸류
252720
투자전략/투자전략
25
16,375
539
-1.86
3.74
11.74
17.38
11.74
29.74
19.27
16.80
0.35
케이비자산운용

ARIRANG TDF2040액티브
433860
기타/기타
24
11,525
510
0.35
2.17
4.58
11.41
4.58
12.49


0.16
한화자산운용

ARIRANG 글로벌희토류전략자원기업MV
415920
해외지수/해외지수
24
4,830
5,378
-1.43
-10.56
-22.91
-28.92
-22.91
-39.78
-52.83

0.50
한화자산운용

ARIRANG TDF2030액티브
433850
기타/기타
23
11,370
327
0.66
2.39
3.04
9.80
3.04
12.13


0.14
한화자산운용

ACE 국채선물10년인버스
299070
채권/국공채권
22
111,405
3
0.38
-0.21
2.76
-3.14
2.76
4.21
7.99
16.89
0.05
한국투자신탁운용

ARIRANG TDF2050액티브
433870
기타/기타
22
12,355
451
0.94
3.65
8.62
15.31
8.62
22.57


0.18
한화자산운용

ACE 국채선물3년인버스
299080
채권/국공채권
22
109,295
0
0.10
0.23
1.58
0.41
1.58
4.10
6.39
10.01
0.05
한국투자신탁운용



KBSTAR 팔라듐선물인버스(H)
334700
파생상품/인버스
21
6,165
723
-1.28
-8.05
13.12
13.96
13.12
20.65
42.71
32.72
0.60
케이비자산운용

KBSTAR 미국장기국채선물인버스(H)
267450
파생상품/인버스
21
10,495
261
-0.47
-1.64
4.58
-4.63
4.58
9.32
22.18
24.13
0.40
케이비자산운용

TIGER BBIG레버리지
412560
파생상품/레버리지
20
2,335
4,779
0.86
3.55
-2.51
11.19
-2.51
-19.06
-59.78

0.59
미래에셋자산운용

KBSTAR 모멘텀로우볼
252730
투자전략/투자전략
16
16,240
261
0.31
4.64
10.93
19.94
10.93
23.25
7.22
6.22
0.35
케이비자산운용

KBSTAR Fn K-뉴딜디지털플러스
368200
테마/기타
13
8,620
8,515
-0.06
3.54
-4.49
5.77
-4.49
-5.01
-10.33
-29.18
0.09
케이비자산운용

ACE 러시아MSCI(합성)
265690
해외지수/해외지수
1
9,505
0
0.00
0.00
0.00
0.00
0.00
0.00
0.00
-61.52
0.50
한국투자신탁운용

HANARO 미국애그테크
472490
해외지수/해외지수
34
11,200
853
2.85
11.06
7.13

7.13



0.40
엔에이치아문디자산운용

TIGER 200 생활소비재
227560
섹터/필수소비재
33
7,970
2,371
0.13
0.25
-0.25
2.46
-0.25
-4.99
-13.01
-29.14
0.40
미래에셋자산운용

KBSTAR 국채선물5년추종
397420
채권/국공채권
33
49,505
47
0.02
0.41
-0.27
3.79
-0.27
1.94
3.25

0.07
케이비자산운용

SOL 차이나강소기업CSI500(합성 H)
220130
해외지수/해외지수
33
4,070
1,969
-3.55
-1.21
-4.35
-7.29
-4.35
-20.12
-25.39
-21.96
0.60
신한자산운용

KOSEF 200선물인버스
253240
파생상품/인버스
32
5,280
4,363
-0.85
-5.63
-4.09
-13.37
-4.09
-15.25
-4.86
3.13
0.46
키움투자자산운용

KOSEF 코스닥150선물인버스
291620
파생상품/인버스
31
5,815
10,956
-0.60
-8.35
-9.00
-17.34
-9.00
-26.30
-27.90
-29.90
0.09
키움투자자산운용

KBSTAR 200생활소비재
287330
섹터/필수소비재
31
6,055
2,564
0.50
0.17
-0.57
1.94
-0.57
-5.21
-12.85
-28.71
0.19
케이비자산운용

ARIRANG ESG성장주액티브
395760
테마/SRI
31
8,920
38,845
1.25
6.70
3.78
13.34
3.78
17.37
2.47

0.11
한화자산운용

KBSTAR 미국장기국채선물인버스2X(합성 H)
267500
파생상품/인버스
30
9,945
516
-1.83
-2.74
7.11
-10.65
7.11
15.37
42.58
45.29
0.50
케이비자산운용

ARIRANG TDF2060액티브
433880
기타/기타
30
12,905
2,071
1.06
4.41
10.77
17.53
10.77
25.72


0.20
한화자산운용

ARIRANG 중형주저변동50
266550
투자전략/투자전략
28
11,410
299
-0.17
2.29
1.74
6.19
1.74
9.99
3.66
5.86
0.23
한화자산운용

ACE 미국스팩&IPO INDXX
391590
해외지수/해외지수
28
5,700
500
5.65
4.01
5.56
6.54
5.56
6.24
-29.89

0.70
한국투자신탁운용

ARIRANG 코스닥150선물인버스
301410
파생상품/인버스
28
5,035
7,248
-1.27
-7.95
-9.20
-17.19
-9.20
-26.39
-28.53
-30.36
0.29
한화자산운용

KOSEF 글로벌전력반도체
473500
해외지수/해외지수
27
9,100
53,499
0.05
-0.98
-11.56

-11.56



0.40
키움투자자산운용

KBSTAR 차이나H선물인버스(H)
291680
파생상품/인버스
27
13,265
1,923
-2.57
-3.98
-3.63
0.72
-3.63
9.22
7.06
39.93
0.59
케이비자산운용

ACE 인버스
145670
파생상품/인버스
25
5,080
6,910
-0.68
-5.40
-3.88
-13.01
-3.88
-14.48
-3.70
5.28
0.15
한국투자신탁운용

ARIRANG 미국대체투자Top10MV
426410
해외지수/해외지수
25
16,630
755
1.56
5.65
17.36
24.62
17.36
58.46


0.50
한화자산운용

KBSTAR 모멘텀밸류
252720
투자전략/투자전략
25
16,375
539
-1.86
3.74
11.74
17.38
11.74
29.74
19.27
16.80
0.35
케이비자산운용

ARIRANG TDF2040액티브
433860
기타/기타
24
11,525
510
0.35
2.17
4.58
11.41
4.58
12.49


0.16
한화자산운용

ARIRANG 글로벌희토류전략자원기업MV
415920
해외지수/해외지수
24
4,830
5,378
-1.43
-10.56
-22.91
-28.92
-22.91
-39.78
-52.83

0.50
한화자산운용

ARIRANG TDF2030액티브
433850
기타/기타
23
11,370
327
0.66
2.39
3.04
9.80
3.04
12.13


0.14
한화자산운용

ACE 국채선물10년인버스
299070
채권/국공채권
22
111,405
3
0.38
-0.21
2.76
-3.14
2.76
4.21
7.99
16.89
0.05
한국투자신탁운용

ARIRANG TDF2050액티브
433870
기타/기타
22
12,355
451
0.94
3.65
8.62
15.31
8.62
22.57


0.18
한화자산운용

ACE 국채선물3년인버스
299080
채권/국공채권
22
109,295
0
0.10
0.23
1.58
0.41
1.58
4.10
6.39
10.01
0.05
한국투자신탁운용



KBSTAR 팔라듐선물인버스(H)
334700
파생상품/인버스
21
6,165
723
-1.28
-8.05
13.12
13.96
13.12
20.65
42.71
32.72
0.60
케이비자산운용

KBSTAR 미국장기국채선물인버스(H)
267450
파생상품/인버스
21
10,495
261
-0.47
-1.64
4.58
-4.63
4.58
9.32
22.18
24.13
0.40
케이비자산운용

TIGER BBIG레버리지
412560
파생상품/레버리지
20
2,335
4,779
0.86
3.55
-2.51
11.19
-2.51
-19.06
-59.78

0.59
미래에셋자산운용

KBSTAR 모멘텀로우볼
252730
투자전략/투자전략
16
16,240
261
0.31
4.64
10.93
19.94
10.93
23.25
7.22
6.22
0.35
케이비자산운용

KBSTAR Fn K-뉴딜디지털플러스
368200
테마/기타
13
8,620
8,515
-0.06
3.54
-4.49
5.77
-4.49
-5.01
-10.33
-29.18
0.09
케이비자산운용

ACE 러시아MSCI(합성)
265690
해외지수/해외지수
1
9,505
0
0.00
0.00
0.00
0.00
0.00
0.00
0.00
-61.52
0.50
한국투자신탁운용

HANARO 미국애그테크
472490
해외지수/해외지수
34
11,200
853
2.85
11.06
7.13

7.13



0.40
엔에이치아문디자산운용

TIGER 200 생활소비재
227560
섹터/필수소비재
33
7,970
2,371
0.13
0.25
-0.25
2.46
-0.25
-4.99
-13.01
-29.14
0.40
미래에셋자산운용

KBSTAR 국채선물5년추종
397420
채권/국공채권
33
49,505
47
0.02
0.41
-0.27
3.79
-0.27
1.94
3.25

0.07
케이비자산운용

SOL 차이나강소기업CSI500(합성 H)
220130
해외지수/해외지수
33
4,070
1,969
-3.55
-1.21
-4.35
-7.29
-4.35
-20.12
-25.39
-21.96
0.60
신한자산운용

KOSEF 200선물인버스
253240
파생상품/인버스
32
5,280
4,363
-0.85
-5.63
-4.09
-13.37
-4.09
-15.25
-4.86
3.13
0.46
키움투자자산운용

KOSEF 코스닥150선물인버스
291620
파생상품/인버스
31
5,815
10,956
-0.60
-8.35
-9.00
-17.34
-9.00
-26.30
-27.90
-29.90
0.09
키움투자자산운용

KBSTAR 200생활소비재
287330
섹터/필수소비재
31
6,055
2,564
0.50
0.17
-0.57
1.94
-0.57
-5.21
-12.85
-28.71
0.19
케이비자산운용

ARIRANG ESG성장주액티브
395760
테마/SRI
31
8,920
38,845
1.25
6.70
3.78
13.34
3.78
17.37
2.47

0.11
한화자산운용

KBSTAR 미국장기국채선물인버스2X(합성 H)
267500
파생상품/인버스
30
9,945
516
-1.83
-2.74
7.11
-10.65
7.11
15.37
42.58
45.29
0.50
케이비자산운용

ARIRANG TDF2060액티브
433880
기타/기타
30
12,905
2,071
1.06
4.41
10.77
17.53
10.77
25.72


0.20
한화자산운용

ARIRANG 중형주저변동50
266550
투자전략/투자전략
28
11,410
299
-0.17
2.29
1.74
6.19
1.74
9.99
3.66
5.86
0.23
한화자산운용

ACE 미국스팩&IPO INDXX
391590
해외지수/해외지수
28
5,700
500
5.65
4.01
5.56
6.54
5.56
6.24
-29.89

0.70
한국투자신탁운용

ARIRANG 코스닥150선물인버스
301410
파생상품/인버스
28
5,035
7,248
-1.27
-7.95
-9.20
-17.19
-9.20
-26.39
-28.53
-30.36
0.29
한화자산운용

KOSEF 글로벌전력반도체
473500
해외지수/해외지수
27
9,100
53,499
0.05
-0.98
-11.56

-11.56



0.40
키움투자자산운용

KBSTAR 차이나H선물인버스(H)
291680
파생상품/인버스
27
13,265
1,923
-2.57
-3.98
-3.63
0.72
-3.63
9.22
7.06
39.93
0.59
케이비자산운용

ACE 인버스
145670
파생상품/인버스
25
5,080
6,910
-0.68
-5.40
-3.88
-13.01
-3.88
-14.48
-3.70
5.28
0.15
한국투자신탁운용

ARIRANG 미국대체투자Top10MV
426410
해외지수/해외지수
25
16,630
755
1.56
5.65
17.36
24.62
17.36
58.46


0.50
한화자산운용

KBSTAR 모멘텀밸류
252720
투자전략/투자전략
25
16,375
539
-1.86
3.74
11.74
17.38
11.74
29.74
19.27
16.80
0.35
케이비자산운용

ARIRANG TDF2040액티브
433860
기타/기타
24
11,525
510
0.35
2.17
4.58
11.41
4.58
12.49


0.16
한화자산운용

ARIRANG 글로벌희토류전략자원기업MV
415920
해외지수/해외지수
24
4,830
5,378
-1.43
-10.56
-22.91
-28.92
-22.91
-39.78
-52.83

0.50
한화자산운용

ARIRANG TDF2030액티브
433850
기타/기타
23
11,370
327
0.66
2.39
3.04
9.80
3.04
12.13


0.14
한화자산운용

ACE 국채선물10년인버스
299070
채권/국공채권
22
111,405
3
0.38
-0.21
2.76
-3.14
2.76
4.21
7.99
16.89
0.05
한국투자신탁운용

ARIRANG TDF2050액티브
433870
기타/기타
22
12,355
451
0.94
3.65
8.62
15.31
8.62
22.57


0.18
한화자산운용

ACE 국채선물3년인버스
299080
채권/국공채권
22
109,295
0
0.10
0.23
1.58
0.41
1.58
4.10
6.39
10.01
0.05
한국투자신탁운용


